-0.111000 -0.001907
-0.104472 -0.001053
-0.097944 -0.000503
-0.091416 0.000229
-0.084887 0.001511
-0.078359 -0.001114
-0.071831 -0.000870
-0.065303 -0.001419
-0.058775 -0.001114
-0.052247 -0.002456
-0.045719 -0.004104
-0.039190 -0.003555
-0.032662 -0.001846
-0.026134 -0.001602
-0.019606 -0.001480
-0.013078 -0.001297
-0.006550 -0.001602
-0.000022 -0.003311
0.006507 -0.003250
0.013035 -0.004349
0.019563 -0.005203
0.026091 -0.004043
0.032619 -0.002762
0.039147 -0.003616
0.045675 -0.003250
0.052204 -0.004043
0.058732 -0.004349
0.065260 -0.004776
0.071788 -0.004533
0.078316 -0.005021
0.084844 -0.006608
0.091373 -0.005570
0.097901 -0.002396
0.104429 -0.001542
0.110957 -0.002518
0.117485 -0.003068
0.124013 -0.002396
0.130541 -0.002702
0.137070 -0.003434
0.143598 -0.004044
0.150126 -0.004227
0.156654 -0.002946
0.163182 -0.001542
0.169710 -0.000626
0.176238 -0.000809
0.182767 -0.001725
0.189295 -0.000871
0.195823 -0.000993
0.202351 -0.001176
0.208879 -0.001725
0.215407 -0.002580
0.221935 -0.001786
0.228464 -0.000443
0.234992 0.000106
0.241520 -0.000321
0.248048 0.000228
0.254576 0.000594
0.261104 0.000472
0.267632 0.001205
0.274161 0.000838
0.280689 0.000838
0.287217 0.000777
0.293745 0.000655
0.300273 0.000411
0.306801 0.000594
0.313329 0.000777
0.319858 0.001266
0.326386 0.002181
0.332914 0.003463
0.339442 0.003280
0.345970 0.003219
0.352498 0.004378
0.359026 0.004378
0.365555 0.003829
0.372083 0.002731
0.378611 0.003036
0.385139 0.002731
0.391667 0.002853
0.398195 0.004256
0.404723 0.004623
0.411252 0.004440
0.417780 0.004440
0.424308 0.004440
0.430836 0.004256
0.437364 0.003829
0.443892 0.003462
0.450421 0.002852
0.456949 0.002363
0.463477 0.003035
0.470005 0.002913
0.476533 0.002669
0.483061 0.002669
0.489589 0.003279
0.496118 0.003401
0.502646 0.003401
0.509174 0.003279
0.515702 0.003096
0.522230 0.003340
0.528758 0.003889
0.535286 0.002852
0.541815 0.000960
0.548343 0.000593
0.554871 0.000960
0.561399 0.000898
0.567927 -0.000017
0.574455 0.000715
0.580983 0.002302
0.587512 0.003035
0.594040 0.002669
0.600568 0.001021
0.607096 0.000898
0.613624 0.001204
0.620152 0.000349
0.626680 -0.002397
0.633209 -0.003008
0.639737 -0.002642
0.646265 -0.002214
0.652793 -0.001055
0.659321 -0.000505
0.665849 -0.000139
0.672377 0.000776
0.678906 0.000960
0.685434 -0.000383
0.691962 -0.002092
0.698490 -0.003130
0.705018 -0.003130
0.711546 -0.004228
0.718074 -0.004778
0.724603 -0.004228
0.731131 -0.002153
0.737659 -0.000139
0.744187 0.000288
0.750715 -0.000139
0.757243 -0.001177
0.763771 -0.001726
0.770300 -0.002397
0.776828 -0.004045
0.783356 -0.005510
0.789884 -0.005022
0.796412 -0.004228
0.802940 -0.003801
0.809469 -0.001544
0.815997 -0.000689
0.822525 -0.000689
0.829053 -0.001056
0.835581 -0.001178
0.842109 -0.002398
0.848637 -0.003680
0.855166 -0.004535
0.861694 -0.004596
0.868222 -0.004046
0.874750 -0.003619
0.881278 -0.002948
0.887806 -0.002398
0.894334 -0.001788
0.900863 -0.001422
0.907391 -0.000995
0.913919 -0.001849
0.920447 -0.002520
0.926975 -0.002704
0.933503 -0.003131
0.940031 -0.002887
0.946560 -0.002948
0.953088 -0.002704
0.959616 -0.002337
0.966144 -0.001056
0.972672 -0.000506
0.979200 -0.000445
0.985728 -0.000445
0.992257 -0.000323
0.998785 -0.000140
1.005313 -0.000140
1.011841 -0.000628
1.018369 -0.000628
1.024897 0.000043
1.031425 0.000470
1.037954 0.000470
1.044482 0.000470
1.051010 0.001020
1.057538 0.001386
1.064066 0.001630
1.070594 0.002301
1.077122 0.002179
1.083651 0.002118
1.090179 0.002912
1.096707 0.003278
1.103235 0.003400
1.109763 0.003217
1.116291 0.003400
1.122819 0.002729
1.129348 0.002729
1.135876 0.003034
1.142404 0.003217
1.148932 0.003217
1.155460 0.003766
1.161988 0.004804
1.168517 0.004804
1.175045 0.004193
1.181573 0.003582
1.188101 0.003582
1.194629 0.003216
1.201157 0.003399
1.207685 0.003582
1.214214 0.002667
1.220742 0.003277
1.227270 0.005108
1.233798 0.005108
1.240326 0.004192
1.246854 0.003826
1.253382 0.003948
1.259911 0.003521
1.266439 0.002972
1.272967 0.002789
1.279495 0.001568
1.286023 0.001568
1.292551 0.002300
1.299079 0.002117
1.305608 0.001507
1.312136 0.001385
1.318664 0.002239
1.325192 0.002300
1.331720 0.001019
1.338248 -0.000202
1.344776 -0.000751
1.351305 -0.000141
1.357833 -0.000202
1.364361 -0.001057
1.370889 -0.001423
1.377417 -0.001057
1.383945 -0.000324
1.390473 -0.000385
1.397002 -0.001484
1.403530 -0.001789
1.410058 -0.001423
1.416586 -0.001789
1.423114 -0.002216
1.429642 -0.001911
1.436170 -0.000874
1.442699 -0.000874
1.449227 -0.001789
1.455755 -0.002277
1.462283 -0.002460
1.468811 -0.001850
1.475339 -0.002094
1.481867 -0.002583
1.488396 -0.002216
1.494924 -0.002399
1.501452 -0.002766
1.507980 -0.002766
1.514508 -0.003315
1.521036 -0.002949
1.527565 -0.002949
1.534093 -0.003864
1.540621 -0.005207
1.547149 -0.005757
1.553677 -0.004720
1.560205 -0.003865
1.566733 -0.003438
1.573262 -0.003072
1.579790 -0.002950
1.586318 -0.002706
1.592846 -0.002950
1.599374 -0.003255
1.605902 -0.003621
1.612430 -0.003255
1.618959 -0.003133
1.625487 -0.002706
1.632015 -0.002217
1.638543 -0.002156
1.645071 -0.001424
1.651599 -0.000997
1.658127 -0.001424
1.664656 -0.001790
1.671184 -0.001790
1.677712 -0.001424
1.684240 -0.001058
1.690768 -0.000813
1.697296 -0.001241
1.703824 -0.000875
1.710353 -0.000325
1.716881 -0.000447
1.723409 -0.000264
1.729937 0.000407
1.736465 0.000773
1.742993 0.000590
1.749521 0.000224
1.756050 0.000468
1.762578 0.000651
1.769106 0.000590
1.775634 0.000957
1.782162 0.000468
1.788690 0.000834
1.795218 0.001384
1.801747 0.001811
1.808275 0.002299
1.814803 0.003093
1.821331 0.003825
1.827859 0.003642
1.834387 0.002727
1.840915 0.002360
1.847444 0.002666
1.853972 0.003032
1.860500 0.002727
1.867028 0.003093
1.873556 0.003825
1.880084 0.004252
1.886613 0.003764
1.893141 0.003459
1.899669 0.003215
1.906197 0.003093
1.912725 0.002848
1.919253 0.002115
1.925781 0.001627
1.932310 0.001749
1.938838 0.001810
1.945366 0.001993
1.951894 0.001749
1.958422 0.001993
1.964950 0.002909
1.971478 0.003946
1.978007 0.003275
1.984535 0.002665
1.991063 0.002176
1.997591 0.002298
2.004119 0.002176
2.010647 0.001078
2.017175 0.000772
2.023704 0.001749
2.030232 0.002115
2.036760 0.001383
2.043288 0.001566
2.049816 0.002298
2.056344 0.002481
2.062872 0.002298
2.069401 0.001932
2.075929 0.001200
2.082457 0.000589
2.088985 0.000589
2.095513 0.000223
2.102041 -0.000387
2.108569 -0.000143
2.115098 0.000711
2.121626 0.001200
2.128154 0.001200
2.134682 0.000406
2.141210 0.000406
2.147738 0.000406
2.154266 -0.000143
2.160795 -0.000937
2.167323 -0.001669
2.173851 -0.002035
2.180379 -0.001669
2.186907 -0.001913
2.193435 -0.002218
2.199963 -0.001608
2.206492 -0.000570
2.213020 -0.000753
2.219548 -0.001242
2.226076 -0.001242
2.232604 -0.001791
2.239132 -0.002768
2.245661 -0.003500
2.252189 -0.004171
2.258717 -0.004843
2.265245 -0.004232
2.271773 -0.003500
2.278301 -0.003439
2.284829 -0.002952
2.291358 -0.002769
2.297886 -0.002402
2.304414 -0.002402
2.310942 -0.003257
2.317470 -0.003623
2.323998 -0.003623
2.330526 -0.003867
2.337055 -0.004539
2.343583 -0.004722
2.350111 -0.003501
2.356639 -0.002952
2.363167 -0.002708
2.369695 -0.002524
2.376223 -0.002586
2.382752 -0.002708
2.389280 -0.002586
2.395808 -0.002586
2.402336 -0.002891
2.408864 -0.003257
2.415392 -0.002952
2.421920 -0.002402
2.428449 -0.002036
2.434977 -0.001548
2.441505 -0.000999
2.448033 -0.000449
2.454561 -0.000266
2.461089 0.000222
2.467617 0.000588
2.474146 0.000649
2.480674 0.000832
2.487202 0.000588
2.493730 -0.000083
2.500258 0.000283
2.506786 0.001016
2.513314 0.001809
2.519843 0.001992
2.526371 0.002297
2.532899 0.002908
2.539427 0.002908
2.545955 0.002664
2.552483 0.002664
2.559011 0.003213
2.565540 0.002664
2.572068 0.002725
2.578596 0.003457
2.585124 0.003213
2.591652 0.003030
2.598180 0.002541
2.604709 0.002358
2.611237 0.002725
2.617765 0.002541
2.624293 0.002541
2.630821 0.002725
2.637349 0.003762
2.643877 0.004006
2.650406 0.003639
2.656934 0.003090
2.663462 0.002846
2.669990 0.002907
2.676518 0.002540
2.683046 0.001747
2.689574 0.001442
2.696103 0.002174
2.702631 0.003090
2.709159 0.003273
2.715687 0.003578
2.722215 0.003456
2.728743 0.003029
2.735271 0.002846
2.741800 0.001503
2.748328 0.000160
2.754856 0.000343
2.761384 0.000954
2.767912 0.001564
2.774440 0.001503
2.780968 0.001564
2.787497 0.001564
2.794025 0.001930
2.800553 0.001320
2.807081 0.001015
2.813609 0.000892
2.820137 0.000160
2.826665 -0.000694
2.833194 -0.000755
2.839722 -0.000328
2.846250 -0.000572
2.852778 -0.000328
2.859306 0.000343
2.865834 -0.000328
2.872362 -0.000389
2.878891 0.000221
2.885419 -0.000023
2.891947 -0.000755
2.898475 -0.000878
2.905003 -0.000939
2.911531 -0.001671
2.918059 -0.002281
2.924588 -0.002220
2.931116 -0.001915
2.937644 -0.001915
2.944172 -0.001732
2.950700 -0.001366
2.957228 -0.001183
2.963757 -0.001244
2.970285 -0.001427
2.976813 -0.002342
2.983341 -0.003258
2.989869 -0.002892
2.996397 -0.002770
3.002925 -0.003502
3.009454 -0.003441
3.015982 -0.002770
3.022510 -0.002038
3.029038 -0.002160
3.035566 -0.001855
3.042094 -0.002343
3.048622 -0.003076
3.055151 -0.002893
3.061679 -0.002526
3.068207 -0.002771
3.074735 -0.003076
3.081263 -0.004174
3.087791 -0.004052
3.094319 -0.002771
3.100848 -0.002160
3.107376 -0.002038
3.113904 -0.001611
3.120432 -0.001611
3.126960 -0.001001
3.133488 -0.001062
3.140016 -0.001977
3.146545 -0.002588
3.153073 -0.002343
3.159601 -0.002038
3.166129 -0.001733
3.172657 -0.001062
3.179185 -0.000695
3.185713 -0.000146
3.192242 0.000464
3.198770 0.000464
3.205298 -0.000329
3.211826 -0.000329
3.218354 0.000281
3.224882 0.000281
3.231410 0.000098
3.237939 -0.000085
3.244467 0.000037
3.250995 0.000464
3.257523 0.001258
3.264051 0.001380
3.270579 0.001380
3.277107 0.001990
3.283636 0.001807
3.290164 0.001929
3.296692 0.002173
3.303220 0.001746
3.309748 0.001258
3.316276 0.001380
3.322805 0.001563
3.329333 0.001807
3.335861 0.002356
3.342389 0.002845
3.348917 0.003089
3.355445 0.003272
3.361973 0.003089
3.368502 0.003211
3.375030 0.002845
3.381558 0.002845
3.388086 0.003210
3.394614 0.002538
3.401142 0.002844
3.407670 0.002661
3.414199 0.002477
3.420727 0.003027
3.427255 0.003759
3.433783 0.003637
3.440311 0.002722
3.446839 0.002722
3.453367 0.002294
3.459896 0.002355
3.466424 0.002172
3.472952 0.001806
3.479480 0.001440
3.486008 0.001257
3.492536 0.001562
3.499064 0.001745
3.505593 0.002050
3.512121 0.002661
3.518649 0.002599
3.525177 0.002477
3.531705 0.001562
3.538233 0.001196
3.544761 0.001318
3.551290 0.001501
3.557818 0.001501
3.564346 0.001013
3.570874 0.000890
3.577402 0.001196
3.583930 0.001379
3.590458 0.000890
3.596987 0.000158
3.603515 -0.000025
3.610043 -0.000513
3.616571 -0.000880
3.623099 -0.001307
3.629627 -0.001124
3.636155 -0.000941
3.642684 -0.001246
3.649212 -0.001795
3.655740 -0.002466
3.662268 -0.002100
3.668796 -0.002100
3.675324 -0.001917
3.681853 -0.002466
3.688381 -0.002589
3.694909 -0.002100
3.701437 -0.002589
3.707965 -0.003138
3.714493 -0.002955
3.721021 -0.002711
3.727550 -0.002711
3.734078 -0.002955
3.740606 -0.002772
3.747134 -0.003260
3.753662 -0.003322
3.760190 -0.003261
3.766718 -0.002895
3.773247 -0.002895
3.779775 -0.002406
3.786303 -0.002406
3.792831 -0.002712
3.799359 -0.002773
3.805887 -0.002773
3.812415 -0.002528
3.818944 -0.002956
3.825472 -0.003139
3.832000 -0.003078
3.838528 -0.002590
3.845056 -0.002590
3.851584 -0.002773
3.858112 -0.002406
3.864641 -0.001857
3.871169 -0.001796
3.877697 -0.001979
3.884225 -0.001735
3.890753 -0.001979
3.897281 -0.001247
3.903809 -0.001003
3.910338 -0.001064
3.916866 -0.000881
3.923394 -0.000514
3.929922 -0.000087
3.936450 0.000096
3.942978 0.000279
3.949506 0.000645
3.956035 0.001012
3.962563 0.001378
3.969091 0.001256
3.975619 0.001012
3.982147 0.000767
3.988675 0.000828
3.995203 0.000951
4.001732 0.000951
4.008260 0.001256
4.014788 0.001988
4.021316 0.002537
4.027844 0.002843
4.034372 0.002354
4.040901 0.002660
4.047429 0.002660
4.053957 0.001744
4.060485 0.001378
4.067013 0.002110
4.073541 0.001988
4.080069 0.001927
4.086598 0.002660
4.093126 0.002904
4.099654 0.002721
4.106182 0.003209
4.112710 0.003392
4.119238 0.002843
4.125766 0.003025
4.132295 0.002842
4.138823 0.001987
4.145351 0.001621
4.151879 0.001621
4.158407 0.002170
4.164935 0.002353
4.171463 0.002903
4.177992 0.003208
4.184520 0.003025
4.191048 0.002903
4.197576 0.002536
4.204104 0.002109
4.210632 0.001438
4.217160 0.001194
4.223689 0.001072
4.230217 0.001072
4.236745 0.000461
4.243273 0.001133
4.249801 0.001682
4.256329 0.001926
4.262857 0.001926
4.269386 0.001865
4.275914 0.001377
4.282442 0.001011
4.288970 0.000705
4.295498 0.000156
4.302026 -0.000210
4.308554 -0.000149
4.315083 -0.000210
4.321611 0.000217
4.328139 0.000339
4.334667 0.000400
4.341195 0.000950
4.347723 0.000156
4.354251 -0.000515
4.360780 -0.000393
4.367308 -0.000515
4.373836 -0.000882
4.380364 -0.001248
4.386892 -0.001431
4.393420 -0.001309
4.399949 -0.001248
4.406477 -0.001309
4.413005 -0.001309
4.419533 -0.000759
4.426061 -0.000576
4.432589 -0.000882
4.439117 -0.001797
4.445646 -0.001980
4.452174 -0.002713
4.458702 -0.003262
4.465230 -0.003079
4.471758 -0.002896
4.478286 -0.002224
4.484814 -0.001248
4.491343 -0.001432
4.497871 -0.002164
4.504399 -0.001859
4.510927 -0.001981
4.517455 -0.002530
4.523983 -0.002897
4.530511 -0.003324
4.537040 -0.003324
4.543568 -0.002775
4.550096 -0.002347
4.556624 -0.002347
4.563152 -0.002347
4.569680 -0.002347
4.576208 -0.002347
4.582737 -0.002347
4.589265 -0.002714
4.595793 -0.003263
4.602321 -0.002897
4.608849 -0.002775
4.615377 -0.002958
4.621905 -0.002347
4.628434 -0.001554
4.634962 -0.001188
4.641490 -0.001188
4.648018 -0.001554
4.654546 -0.001432
4.661074 -0.001188
4.667602 -0.001005
4.674131 -0.001188
4.680659 -0.001005
4.687187 -0.000638
4.693715 -0.000638
4.700243 -0.000638
4.706771 -0.000272
4.713299 0.000826
4.719828 0.001010
4.726356 0.000826
4.732884 0.001010
4.739412 0.000582
4.745940 0.000765
4.752468 0.001071
4.758997 0.001376
4.765525 0.001742
4.772053 0.002169
4.778581 0.002474
4.785109 0.002474
4.791637 0.002841
4.798165 0.002474
4.804694 0.002535
4.811222 0.002291
4.817750 0.002352
4.824278 0.002474
4.830806 0.002902
4.837334 0.003085
4.843862 0.002902
4.850391 0.002535
4.856919 0.002840
4.863447 0.003572
4.869975 0.004365
4.876503 0.004243
4.883031 0.003633
4.889559 0.003206
4.896088 0.003023
4.902616 0.002718
4.909144 0.002657
4.915672 0.002351
4.922200 0.002534
4.928728 0.003206
4.935256 0.002840
4.941785 0.002657
4.948313 0.002107
4.954841 0.001924
4.961369 0.001558
4.967897 0.001375
4.974425 0.001009
4.980953 0.000581
4.987482 0.000520
4.994010 0.000520
5.000538 0.000154
5.007066 0.000215
5.013594 0.000581
5.020122 0.000764
5.026650 0.000886
5.033179 0.001009
5.039707 0.000703
5.046235 -0.000029
5.052763 -0.000578
5.059291 -0.000700
5.065819 -0.000700
5.072347 -0.000700
5.078876 -0.001250
5.085404 -0.001067
5.091932 -0.000517
5.098460 0.000032
5.104988 -0.000029
5.111516 -0.000517
5.118045 -0.000884
5.124573 -0.001250
5.131101 -0.001616
5.137629 -0.002470
5.144157 -0.002898
5.150685 -0.002715
5.157213 -0.002531
5.163742 -0.001982
5.170270 -0.001738
5.176798 -0.001738
5.183326 -0.001372
5.189854 -0.001555
5.196382 -0.002165
5.202910 -0.002959
5.209439 -0.002959
5.215967 -0.002715
5.222495 -0.002531
5.229023 -0.002166
5.235551 -0.002532
5.242079 -0.002166
5.248607 -0.001434
5.255136 -0.001617
5.261664 -0.001617
5.268192 -0.001739
5.274720 -0.001617
5.281248 -0.001739
5.287776 -0.001861
5.294304 -0.002594
5.300833 -0.002777
5.307361 -0.002227
5.313889 -0.001800
5.320417 -0.001434
5.326945 -0.001068
5.333473 -0.001007
5.340001 -0.001190
5.346530 -0.001617
5.353058 -0.002166
5.359586 -0.002594
5.366114 -0.002166
5.372642 -0.001861
5.379170 -0.001617
5.385698 -0.001373
5.392227 -0.001251
5.398755 -0.000885
5.405283 -0.000701
5.411811 -0.000457
5.418339 -0.000274
5.424867 -0.000091
5.431395 -0.000091
5.437924 0.000092
5.444452 -0.000091
5.450980 0.000092
5.457508 0.000763
5.464036 0.000763
5.470564 0.000763
5.477093 0.000824
5.483621 0.001008
5.490149 0.000947
5.496677 0.001191
5.503205 0.001374
5.509733 0.001923
5.516261 0.001923
5.522790 0.002106
5.529318 0.001801
5.535846 0.001435
5.542374 0.001374
5.548902 0.001191
5.555430 0.001435
5.561958 0.001923
5.568487 0.002472
5.575015 0.002533
5.581543 0.002350
5.588071 0.002167
5.594599 0.002471
5.601127 0.002288
5.607655 0.002288
5.614184 0.002349
5.620712 0.002288
5.627240 0.002655
5.633768 0.002899
5.640296 0.003204
5.646824 0.003631
5.653352 0.003631
5.659881 0.003204
5.666409 0.002349
5.672937 0.002166
5.679465 0.002105
5.685993 0.001922
5.692521 0.002471
5.699049 0.001800
5.705578 0.001617
5.712106 0.001739
5.718634 0.001922
5.725162 0.001739
5.731690 0.001373
5.738218 0.001129
5.744746 0.000946
5.751275 0.000518
5.757803 0.000518
5.764331 0.001129
5.770859 0.001007
5.777387 0.001007
5.783915 0.000884
5.790443 0.000335
5.796972 0.000335
5.803500 -0.000031
5.810028 0.000030
5.816556 -0.000031
5.823084 -0.000702
5.829612 -0.000580
5.836141 -0.000580
5.842669 -0.000580
5.849197 -0.000336
5.855725 -0.000519
5.862253 -0.000580
5.868781 -0.000947
5.875309 -0.001435
5.881838 -0.001862
5.888366 -0.002045
5.894894 -0.001862
5.901422 -0.001984
5.907950 -0.002167
5.914478 -0.001862
5.921006 -0.001435
5.927535 -0.001374
5.934063 -0.001435
5.940591 -0.002167
5.947119 -0.002961
5.953647 -0.003266
5.960175 -0.003083
5.966703 -0.002779
5.973232 -0.002962
5.979760 -0.002779
5.986288 -0.002229
5.992816 -0.001741
5.999344 -0.002168
6.005872 -0.002229
6.012400 -0.002412
6.018929 -0.002168
6.025457 -0.002168
6.032113 -0.002718
6.038513 -0.002779
6.045041 -0.002779
6.051569 -0.002046
6.058097 -0.002412
6.064626 -0.001985
6.071154 -0.001070
6.077682 -0.001192
6.084210 -0.001436
6.090738 -0.001253
6.097266 -0.001619
6.103794 -0.001436
6.110323 -0.001558
6.116851 -0.001558
6.123379 -0.001741
6.129907 -0.001741
6.136435 -0.001253
6.142963 -0.001070
6.149491 -0.001192
6.156020 -0.000337
6.162548 -0.000154
6.169076 0.000395
6.175732 0.000822
6.182132 0.000456
6.188660 0.000456
6.195189 0.000578
6.201717 0.000456
6.208245 0.000639
6.214773 0.000578
6.221301 0.001433
6.227957 0.001982
6.234357 0.002287
6.241014 0.002348
6.247414 0.002531
6.253942 0.002898
6.260470 0.003081
6.266998 0.002715
6.273526 0.002104
6.280054 0.001921
6.286583 0.002287
6.293111 0.001982
6.299639 0.002287
6.306167 0.002531
6.312695 0.003020
6.319351 0.003630
6.325751 0.003447
6.332408 0.003202
6.338808 0.002653
6.345336 0.002469
6.351864 0.001798
6.358392 0.001188
6.364920 0.001249
6.371576 0.002103
6.377977 0.002836
6.384633 0.003080
6.391033 0.002836
6.397561 0.003019
6.404089 0.002469
6.410745 0.002469
6.417145 0.002164
6.423802 0.001798
6.430202 0.001554
6.436730 0.001249
6.443258 0.000577
6.449786 0.000944
6.456314 0.001127
6.462970 0.001554
6.469371 0.001737
6.476027 0.001371
6.482427 0.001127
6.488955 0.000333
6.495483 -0.000033
6.502139 -0.000582
6.508539 -0.000399
6.515196 -0.000521
6.521596 -0.000338
6.528252 -0.000399
6.534652 -0.000399
6.541180 -0.000216
6.547708 0.000333
6.554365 0.000028
6.560765 -0.000582
6.567421 -0.000888
6.573821 -0.000338
6.580349 0.000028
6.586877 -0.000338
6.593533 -0.000765
6.599934 -0.000704
6.606590 -0.000338
6.612990 -0.000338
6.619646 -0.000582
6.626046 -0.000949
6.632574 -0.000704
6.639102 -0.000704
6.645759 -0.001071
6.652159 -0.001437
6.658815 -0.001864
6.665215 -0.001559
6.671871 -0.001193
6.678271 -0.001376
6.684927 -0.001986
6.691328 -0.001986
6.697984 -0.001865
6.704384 -0.001987
6.711040 -0.002414
6.717440 -0.002353
6.723968 -0.002353
6.730496 -0.002048
6.737025 -0.002048
6.743553 -0.002536
6.750209 -0.002231
6.756609 -0.001621
6.763265 -0.001438
6.769665 -0.001560
6.776193 -0.001804
6.782722 -0.001438
6.789378 -0.001804
6.795778 -0.002414
6.802434 -0.002353
6.808834 -0.001865
6.815490 -0.001621
6.821890 -0.001804
6.828547 -0.001743
6.834947 -0.001438
6.841603 -0.001560
6.848003 -0.001560
6.854659 -0.001804
6.861059 -0.001804
6.867715 -0.001255
6.874116 -0.001011
6.880772 -0.001804
6.887172 -0.002536
6.893828 -0.002231
6.900228 -0.001560
6.906884 -0.001011
6.913285 -0.000705
6.919813 -0.000461
6.926341 0.000088
6.932997 0.000454
6.939397 0.000271
6.946053 0.000088
6.952453 0.000027
6.959110 0.000088
6.965510 0.000393
6.972166 0.000943
6.978566 0.001370
6.985222 0.001553
6.991622 0.002285
6.998278 0.002468
7.004679 0.002468
7.011335 0.002713
7.017735 0.002835
7.024391 0.002529
7.030791 0.001797
7.037447 0.001553
7.043847 0.001614
7.050504 0.001797
7.056904 0.002102
7.063560 0.002468
7.069960 0.003017
7.076616 0.003200
7.083016 0.003017
7.089672 0.002895
7.096073 0.002467
7.102729 0.002284
7.109129 0.001979
7.115785 0.002101
7.122185 0.001796
7.128841 0.002467
7.135241 0.002284
7.141898 0.002651
7.148298 0.002895
7.154954 0.003261
7.161354 0.003383
7.168010 0.003200
7.174410 0.002834
7.181066 0.001613
7.187467 0.001003
7.194123 0.001125
7.200523 0.001308
7.207179 0.000942
7.213579 0.001125
7.220235 0.001857
7.226635 0.001857
7.233292 0.001491
7.239692 0.000758
7.246348 0.000209
7.252748 -0.000157
7.259404 -0.000401
7.265804 -0.000767
7.272461 -0.001256
7.278861 -0.001073
7.285517 -0.000706
7.291917 -0.000523
7.298573 -0.000584
7.304973 -0.000584
7.311629 -0.000523
7.318030 -0.000218
7.324686 -0.000584
7.331086 -0.001134
7.337742 -0.001683
7.344142 -0.001622
7.350798 -0.001439
7.357198 -0.001195
7.363855 -0.000645
7.370255 -0.000828
7.376911 -0.001195
7.383311 -0.001073
7.389967 -0.001439
7.396367 -0.001805
7.403023 -0.002049
7.409424 -0.002049
7.416080 -0.002232
7.422480 -0.002415
7.429136 -0.002537
7.435536 -0.002416
7.442192 -0.002538
7.448592 -0.002600
7.455249 -0.002050
7.461649 -0.001745
7.468305 -0.001745
7.474705 -0.001745
7.481361 -0.001989
7.487761 -0.002172
7.494417 -0.002783
7.500818 -0.002600
7.507474 -0.002355
7.513874 -0.001745
7.520530 -0.001623
7.526930 -0.001379
7.533586 -0.001074
7.539986 -0.001196
7.546643 -0.000829
7.552915 -0.000646
7.559571 -0.001013
7.565971 -0.001196
7.572627 -0.001562
7.579027 -0.001745
7.585683 -0.001989
7.592084 -0.001806
7.598740 -0.001013
7.605140 -0.000097
7.611796 0.000208
7.618196 -0.000280
7.624852 -0.000341
7.631252 -0.000463
7.637909 -0.001013
7.644309 -0.001257
7.650965 -0.001196
7.657365 -0.001257
7.664021 -0.000891
7.670421 0.000025
7.677078 0.001002
7.683478 0.000818
7.690134 0.000941
7.696534 0.001612
7.703190 0.001368
7.709590 0.000941
7.716246 0.001185
7.722647 0.001185
7.729303 0.000818
7.735703 0.000635
7.742359 0.001063
7.748759 0.001551
7.755415 0.002283
7.761815 0.002894
7.768472 0.003016
7.774872 0.003016
7.781528 0.002466
7.787928 0.001429
7.794584 0.001185
7.800984 0.001367
7.807640 0.001245
7.814041 0.001367
7.820697 0.001611
7.827097 0.002099
7.833753 0.002343
7.840153 0.002465
7.846809 0.001977
7.853209 0.001977
7.859866 0.001611
7.866266 0.001916
7.872922 0.002160
7.879322 0.001977
7.885978 0.001733
7.892378 0.001367
7.899034 0.001794
7.905435 0.001977
7.912091 0.001977
7.918491 0.002282
7.925147 0.002649
7.931547 0.002649
7.938203 0.002099
7.944603 0.001428
7.951260 0.000940
7.957660 0.000756
7.964316 0.000634
7.970716 0.000512
7.977372 0.000390
7.983772 0.000390
7.990429 0.000878
7.996829 0.001123
8.003485 0.000695
8.009885 0.000146
8.016541 0.000146
8.022941 0.000207
8.029597 -0.000220
8.035998 -0.001075
8.042654 -0.001624
8.049054 -0.001441
8.055710 -0.001258
8.062110 -0.000830
8.068766 -0.000525
8.075166 -0.000342
8.081823 -0.000708
8.088223 -0.001075
8.094879 -0.001197
8.101279 -0.001075
8.107935 -0.001075
8.114335 -0.001624
8.120991 -0.002051
8.127392 -0.002051
8.134048 -0.001807
8.140448 -0.001807
8.147104 -0.001563
8.153504 -0.001746
8.160160 -0.001380
8.166560 -0.001441
8.173217 -0.001625
8.179617 -0.001747
8.186273 -0.001991
8.192673 -0.002602
8.199329 -0.002418
8.205729 -0.002602
8.212385 -0.002724
8.218786 -0.002052
8.225442 -0.001747
8.231842 -0.001991
8.238498 -0.001991
8.244898 -0.001625
8.251554 -0.002052
8.257954 -0.002418
8.264611 -0.001991
8.271011 -0.001869
8.277667 -0.002235
8.284067 -0.001991
8.290723 -0.001747
8.297123 -0.001076
8.303779 -0.000526
8.310180 -0.000831
8.316836 -0.000831
8.323236 -0.001076
8.329892 -0.001259
8.336292 -0.001076
8.342948 -0.000526
8.349348 -0.000648
8.356005 -0.000648
8.362405 -0.000526
8.369061 -0.000282
8.375461 -0.000343
8.382117 -0.000282
8.388517 -0.000099
8.395174 -0.000099
8.401574 -0.000343
8.408230 -0.000526
8.414630 -0.000343
8.421286 0.000023
8.427686 0.000572
8.434342 0.001000
8.440743 0.000939
8.447399 0.001244
8.453799 0.001732
8.460455 0.001549
8.466855 0.001183
8.473511 0.001366
8.479911 0.001244
8.486568 0.001366
8.492968 0.001732
8.499624 0.001793
8.506024 0.002281
8.512680 0.002709
8.519080 0.002892
8.525736 0.002464
8.532137 0.002281
8.538793 0.002341
8.545193 0.002524
8.551849 0.002158
8.558249 0.001609
8.564905 0.001914
8.571305 0.002097
8.577962 0.002341
8.584362 0.001731
8.591018 0.001609
8.597418 0.002280
8.604074 0.002891
8.610474 0.002647
8.617130 0.002341
8.623531 0.001609
8.630187 0.001731
8.636587 0.001975
8.643243 0.001243
8.649643 0.000815
8.656299 0.000938
8.662699 0.001365
8.669356 0.001609
8.675756 0.002463
8.682412 0.002341
8.688812 0.001914
8.695468 0.001731
8.701868 0.001243
8.708524 0.001304
8.714925 0.000388
8.721581 -0.000161
8.727981 -0.000344
8.734637 -0.000161
8.741037 0.000022
8.747693 -0.000405
8.754094 -0.000039
8.760750 0.000022
8.767150 0.000022
8.773806 -0.000222
8.780206 -0.000710
8.786862 -0.001260
8.793262 -0.001443
8.799919 -0.001626
8.806319 -0.001870
8.812975 -0.002603
8.819375 -0.002419
8.826031 -0.001260
8.832431 -0.000527
8.839087 -0.000649
8.845488 -0.000894
8.852144 -0.000344
8.858544 -0.000527
8.865200 -0.001016
8.871600 -0.001748
8.878256 -0.001992
8.884656 -0.001992
8.891313 -0.001748
8.897713 -0.001260
8.904369 -0.001565
8.910769 -0.001810
8.917425 -0.001444
8.923825 -0.001017
8.930481 -0.001261
8.936882 -0.001810
8.943538 -0.002054
8.949938 -0.002604
8.956594 -0.002604
8.962994 -0.002542
8.969650 -0.002909
8.976050 -0.002542
8.982707 -0.001993
8.989107 -0.001566
8.995763 -0.001444
9.002163 -0.000711
9.008819 -0.000650
9.015219 -0.001078
9.021875 -0.001383
9.028276 -0.001017
9.034932 -0.001078
9.041332 -0.001261
9.047988 -0.001383
9.054388 -0.001261
9.061044 -0.000895
9.067444 -0.000711
9.074101 -0.000650
9.080501 -0.000467
9.087157 -0.000345
9.093557 -0.000528
9.100213 -0.000650
9.106613 -0.000650
9.113270 -0.000650
9.119670 -0.000284
9.126326 0.000021
9.132726 -0.000528
9.139382 -0.001017
9.145782 -0.000528
9.152438 0.000204
9.158839 0.000387
9.165495 0.000021
9.171895 0.000204
9.178551 0.000448
9.184951 0.000204
9.191607 0.000387
9.198007 0.000570
9.204664 0.000753
9.211064 0.000937
9.217720 0.001181
9.224120 0.001364
9.230776 0.001608
9.237176 0.001974
9.243832 0.002523
9.250233 0.002707
9.256889 0.002646
9.263289 0.002646
9.269945 0.002523
9.276345 0.002278
9.283001 0.001973
9.289401 0.002095
9.296058 0.002278
9.302458 0.002156
9.309114 0.001912
9.315514 0.002339
9.322170 0.002339
9.328570 0.002278
9.335226 0.001790
9.341627 0.001790
9.348283 0.002095
9.354683 0.002278
9.361339 0.002156
9.367739 0.001912
9.374395 0.001912
9.380795 0.001973
9.387452 0.001790
9.393852 0.001363
9.400508 0.000997
9.406908 0.001180
9.413564 0.001790
9.419964 0.001790
9.426620 0.001729
9.433021 0.001790
9.439677 0.001790
9.446077 0.001729
9.452733 0.001485
9.459133 0.000997
9.465789 0.000569
9.472190 0.000874
9.478846 0.000386
9.485246 0.000020
9.491902 0.000020
9.498302 0.000020
9.504958 -0.000041
9.511358 -0.000529
9.518015 -0.000224
9.524415 -0.000712
9.531071 -0.001262
9.537471 -0.001262
9.544127 -0.001811
9.550527 -0.002177
9.557183 -0.002177
9.563584 -0.001994
9.570240 -0.001811
9.576640 -0.001872
9.583296 -0.001018
9.589696 -0.001262
9.596352 -0.001018
9.602752 -0.001262
9.609409 -0.001567
9.615809 -0.001567
9.622465 -0.001994
9.628865 -0.002238
9.635521 -0.001994
9.641921 -0.002178
9.648577 -0.001812
9.654978 -0.001751
9.661634 -0.001751
9.668034 -0.001751
9.674690 -0.001629
9.681090 -0.001202
9.687746 -0.001385
9.694146 -0.001873
9.700803 -0.001812
9.707203 -0.001873
9.713859 -0.002361
9.720259 -0.002544
9.726915 -0.002606
9.733315 -0.002178
9.739971 -0.001751
9.746372 -0.001080
9.753028 -0.001263
9.759428 -0.001629
9.766084 -0.001446
9.772484 -0.000713
9.779140 -0.001080
9.785540 -0.001751
9.792197 -0.001385
9.798597 -0.001080
9.805253 -0.000713
9.811653 -0.000530
9.818309 -0.000652
9.824709 0.000019
9.831366 0.000202
9.837766 0.000629
9.844422 0.000446
9.850822 0.000446
9.857478 0.000446
9.863878 0.000446
9.870534 0.000202
9.876935 -0.000164
9.883591 -0.000103
9.889991 0.000202
9.896647 0.000019
9.903047 0.000385
9.909703 0.000568
9.916103 0.000935
9.922760 0.000996
9.929160 0.001240
9.935816 0.001057
9.942216 0.001057
9.948872 0.001362
9.955272 0.001057
9.961928 0.000812
9.968329 0.000935
9.974985 0.001057
9.981385 0.001362
9.988041 0.001728
9.994441 0.002155
10.001097 0.002521
10.007497 0.002705
10.014154 0.002887
10.020554 0.002704
10.027210 0.002337
10.033610 0.001910
10.040266 0.001910
10.046666 0.001910
10.053322 0.002154
10.059723 0.001727
10.066379 0.001727
10.072779 0.001605
10.079435 0.001727
10.085835 0.001971
10.092491 0.002093
10.098891 0.002093
10.105548 0.001544
10.111948 0.000934
10.118604 0.000995
10.125004 0.001239
10.131660 0.001239
10.138060 0.001178
10.144716 0.001239
10.151117 0.000995
10.157773 0.000811
10.164173 0.001422
10.170829 0.001361
10.177229 0.001056
10.183885 0.000445
10.190286 0.000262
10.196942 0.000262
10.203342 0.000384
10.209998 0.000445
10.216398 0.000750
10.223054 0.000811
10.229454 0.000750
10.236111 0.000506
10.242511 0.000201
10.249167 -0.000043
10.255567 -0.000226
10.262223 -0.000409
10.268623 -0.000409
10.275279 -0.000775
10.281680 -0.001264
10.288336 -0.001203
10.294736 -0.001752
10.301392 -0.001630
10.307792 -0.001752
10.314448 -0.001630
10.320848 -0.001386
10.327505 -0.001447
10.333905 -0.001203
10.340561 -0.000836
10.346961 -0.000653
10.353617 -0.001081
10.360017 -0.001752
10.366673 -0.001813
10.373074 -0.001874
10.379730 -0.001875
10.386130 -0.001570
10.392786 -0.001082
10.399186 -0.000899
10.405842 -0.000837
10.412242 -0.000837
10.418899 -0.001265
10.425299 -0.001753
10.431955 -0.001814
10.438355 -0.001814
10.445011 -0.001814
10.451411 -0.001875
10.458067 -0.002424
10.464468 -0.002546
10.471124 -0.002180
10.477524 -0.001997
10.484180 -0.001875
10.490580 -0.001387
10.497236 -0.001570
10.503636 -0.001448
10.510293 -0.001753
10.516693 -0.002058
10.523349 -0.002180
10.529749 -0.001875
10.536405 -0.001387
10.542805 -0.000837
10.549462 -0.000654
10.555862 -0.000654
10.562518 -0.000349
10.568918 -0.000166
10.575574 -0.000105
10.581974 0.000200
10.588630 0.000383
10.595031 0.000383
10.601687 0.000566
10.608087 -0.000166
10.614743 0.000017
10.621143 0.000444
10.627799 0.000810
10.634199 0.000627
10.640856 0.000627
10.647256 0.000810
10.653912 0.000566
10.660312 0.000933
10.666968 0.001543
10.673368 0.000994
10.680024 0.000749
10.686425 0.001055
10.693081 0.000810
10.699481 0.000627
10.706137 0.000444
10.712537 0.000627
10.719193 0.001543
10.725593 0.002092
10.732250 0.002642
10.738650 0.002458
10.745306 0.002703
10.751706 0.002641
10.758362 0.002457
10.764762 0.002091
10.771418 0.001725
10.777819 0.001725
10.784475 0.002091
10.790875 0.002091
10.797531 0.002457
10.803931 0.002335
10.810587 0.002457
10.816987 0.002824
10.823644 0.002457
10.830044 0.002274
10.836700 0.001969
10.843100 0.001420
10.849756 0.000748
10.856156 0.000443
10.862812 0.000565
10.869213 0.000626
10.875869 0.000443
10.882269 0.000932
10.888925 0.001054
10.895325 0.001420
10.901981 0.001542
10.908382 0.001054
10.915038 0.000748
10.921438 0.000626
10.928094 0.000016
10.934494 -0.000472
10.941150 0.000016
10.947550 0.000016
10.954207 0.000199
10.960607 0.000748
10.967263 0.000687
10.973663 0.000748
10.980319 0.000687
10.986719 0.000748
10.993375 0.000321
10.999776 -0.000167
11.006432 -0.001327
11.012832 -0.001876
11.019488 -0.001937
11.025888 -0.001876
11.032544 -0.001815
11.038944 -0.001632
11.045601 -0.001388
11.052001 -0.001266
11.058657 -0.001388
11.065057 -0.000900
11.071713 -0.001083
11.078113 -0.001449
11.084769 -0.001754
11.091170 -0.002425
11.097826 -0.002547
11.104226 -0.002364
11.110882 -0.002364
11.117282 -0.002060
11.123938 -0.001877
11.130338 -0.001267
11.136995 -0.000656
11.143395 -0.000351
11.150051 -0.000351
11.156451 -0.000839
11.163107 -0.001389
11.169507 -0.001572
11.176163 -0.001999
11.182564 -0.002182
11.189220 -0.002365
11.195620 -0.002060
11.202276 -0.001877
11.208676 -0.001755
11.215332 -0.001084
11.221732 -0.000717
11.228389 -0.000534
11.234789 -0.000656
11.241445 -0.001023
11.247845 -0.001633
11.254501 -0.002182
11.260901 -0.002426
11.267558 -0.001999
11.273958 -0.001267
11.280614 -0.001206
11.287014 -0.000656
11.293670 -0.000290
11.300070 0.000442
11.306726 0.001053
11.313127 0.000808
11.319783 0.000381
11.326183 -0.000168
11.332839 -0.000107
11.339239 0.000015
11.345895 -0.000473
11.352295 -0.000473
11.358952 0.000015
11.365352 0.000625
11.372008 0.000808
11.378408 0.000992
11.385064 0.000992
11.391464 0.001175
11.398120 0.000992
11.404521 0.000931
11.411177 0.000381
11.417577 -0.000351
11.424233 -0.000473
11.430633 0.000198
11.437289 0.000625
11.443689 0.000747
11.450346 0.000931
11.456746 0.000625
11.463402 0.001175
11.469802 0.001785
11.476458 0.002334
11.482858 0.002272
11.489514 0.001906
11.495915 0.001601
11.502571 0.001601
11.508971 0.001418
11.515627 0.001418
11.522027 0.001723
11.528683 0.001601
11.535083 0.001967
11.541740 0.002639
11.548140 0.002455
11.554796 0.002089
11.561196 0.002333
11.567852 0.002272
11.574252 0.002333
11.580908 0.001967
11.587309 0.001235
11.593965 0.000807
11.600365 0.000563
11.607021 0.000563
11.613421 0.000746
11.620077 0.000930
11.626478 0.001235
11.633134 0.001601
11.639534 0.001967
11.646190 0.001540
11.652590 0.001235
11.659246 0.000930
11.665646 0.000807
11.672303 0.000624
11.678703 0.000014
11.685359 -0.000291
11.691759 0.000014
11.698415 0.000258
11.704815 0.000380
11.711471 0.000380
11.717872 0.000746
11.724528 0.001052
11.730928 0.000991
11.737584 0.000624
11.743984 0.000014
11.750640 -0.000902
11.757040 -0.001451
11.763697 -0.001817
11.770097 -0.001878
11.776753 -0.001756
11.783153 -0.001634
11.789809 -0.001634
11.796209 -0.001451
11.802865 -0.001207
11.809266 -0.000902
11.815922 -0.001268
11.822322 -0.001390
11.828978 -0.001390
11.835378 -0.001634
11.842034 -0.002061
11.848434 -0.003099
11.855091 -0.003161
11.861491 -0.002612
11.868147 -0.002062
11.874547 -0.001574
11.881203 -0.000903
11.887603 -0.000658
11.894259 -0.000475
11.900660 -0.000841
11.907316 -0.001452
11.913716 -0.001269
11.920372 -0.001818
11.926772 -0.002062
11.933428 -0.001879
11.939828 -0.002428
11.946485 -0.002062
11.952885 -0.001574
11.959541 -0.001391
11.965941 -0.001391
11.972597 -0.001208
11.978997 -0.000536
11.985654 -0.000841
11.992054 -0.001269
11.998710 -0.002001
12.005110 -0.002245
12.011766 -0.002184
12.018166 -0.002001
12.024822 -0.001574
12.031223 -0.000536
12.037879 0.000196
12.044279 0.000196
12.050935 0.000379
12.057335 0.000990
12.063991 0.000562
12.070391 0.000074
12.077048 -0.000170
12.083448 0.000257
12.090104 -0.000170
12.096504 -0.000109
12.103160 0.000074
12.109560 0.000623
12.116216 0.001234
12.122617 0.001417
12.129273 0.001722
12.135673 0.001722
12.142329 0.001356
12.148729 0.001356
12.155385 0.000990
12.161785 0.000379
12.168442 0.000257
12.174842 0.000257
12.181498 0.000745
12.187898 0.000745
12.194554 0.001051
12.200954 0.001173
12.207610 0.001600
12.214011 0.001722
12.220667 0.002087
12.227067 0.002148
12.233723 0.001721
12.240123 0.001355
12.246779 0.000622
12.253179 0.000989
12.259836 0.000928
12.266236 0.001416
12.272892 0.001782
12.279292 0.002514
12.285948 0.002820
12.292348 0.002453
12.299004 0.002087
12.305405 0.002087
12.312061 0.001782
12.318461 0.001599
12.325117 0.000622
12.331517 0.000561
12.338173 0.000622
12.344574 0.000561
12.351230 0.000561
12.357630 0.001050
12.364286 0.001233
12.370686 0.001599
12.377342 0.001721
12.383742 0.001355
12.390399 0.000622
12.396799 0.000073
12.403455 -0.000110
12.409855 -0.000110
12.416511 -0.000171
12.422911 0.000012
12.429567 0.000073
12.435968 0.000439
12.442624 0.000928
12.449024 0.000928
12.455680 0.000928
12.462080 0.000561
12.468736 0.000256
12.475136 0.000012
12.481793 -0.000171
12.488193 -0.000537
12.494849 -0.000537
12.501249 -0.000659
12.507905 -0.000842
12.514305 -0.000720
12.520961 -0.000293
12.527362 -0.000354
12.534018 -0.000293
12.540418 -0.000537
12.547074 -0.000904
12.553474 -0.001392
12.560130 -0.001880
12.566530 -0.001880
12.573187 -0.001819
12.579587 -0.001880
12.586243 -0.002430
12.592643 -0.002552
12.599299 -0.002003
12.605699 -0.001393
12.612355 -0.001271
12.618756 -0.001210
12.625412 -0.001210
12.631812 -0.001088
12.638468 -0.000721
12.644868 -0.001210
12.651524 -0.001576
12.657924 -0.001088
12.664581 -0.000721
12.670981 -0.001027
12.677637 -0.001088
12.684037 -0.001271
12.690693 -0.001210
12.697093 -0.000843
12.703750 -0.001027
12.710150 -0.000721
12.716806 -0.000660
12.723206 -0.000905
12.729862 -0.001454
12.736262 -0.001759
12.742918 -0.001637
12.749319 -0.002064
12.755975 -0.001820
12.762375 -0.001210
12.769031 -0.001027
12.775431 -0.000477
12.782087 -0.000355
12.788487 -0.000111
12.795144 -0.000172
12.801544 -0.000111
12.808200 0.000072
12.814600 -0.000355
12.821256 -0.000111
12.827656 0.000011
12.834312 -0.000111
12.840713 0.000072
12.847369 0.000438
12.853897 0.000438
12.860425 0.000927
12.866825 0.001598
12.873481 0.001354
12.879881 0.000988
12.886538 0.000927
12.892938 0.001049
12.899594 0.000743
12.905994 0.000621
12.912650 0.000255
12.919050 0.000743
12.925706 0.001232
12.932107 0.001903
12.938763 0.001598
12.945163 0.001415
12.951819 0.001415
12.958347 0.001902
12.964875 0.001719
12.971275 0.001170
12.977932 0.001231
12.984460 0.001353
12.990988 0.001719
12.997388 0.001597
13.004044 0.001536
13.010444 0.001963
13.017100 0.002146
13.023501 0.002329
13.030157 0.002512
13.036557 0.002451
13.043213 0.002451
13.049741 0.002329
13.056269 0.001597
13.062798 0.001414
13.069326 0.001414
13.075854 0.001048
13.082382 0.000742
13.088910 0.001048
13.095438 0.001414
13.101838 0.001536
13.108495 0.001414
13.114895 0.001414
13.121551 0.001170
13.128079 0.001231
13.134607 0.000742
13.141135 0.000193
13.147663 -0.000295
13.154192 -0.000356
13.160720 -0.000112
13.167248 0.000254
13.173776 0.000071
13.180304 0.000437
13.186832 0.000620
13.193360 0.000742
13.199889 0.000132
13.206289 -0.000173
13.212945 -0.000356
13.219473 -0.000722
13.226001 -0.001211
13.232529 -0.001455
13.239057 -0.001455
13.245586 -0.001577
13.252114 -0.001089
13.258642 -0.001028
13.265170 -0.001272
13.271698 -0.001089
13.278226 -0.000844
13.284754 -0.000906
13.291283 -0.001089
13.297811 -0.001577
13.304339 -0.002004
13.310867 -0.002248
13.317395 -0.002004
13.323923 -0.002005
13.330451 -0.001822
13.336980 -0.001883
13.343508 -0.001578
13.350036 -0.001395
13.356564 -0.001212
13.363092 -0.001273
13.369620 -0.001578
13.376148 -0.001456
13.382677 -0.001578
13.389205 -0.001456
13.395733 -0.001761
13.402261 -0.001822
13.408789 -0.001761
13.415317 -0.001212
13.421846 -0.000662
13.428374 -0.000662
13.434902 -0.000662
13.441430 -0.000540
13.447958 -0.000540
13.454486 -0.000723
13.461014 -0.000845
13.467543 -0.000907
13.474071 -0.000662
13.480599 -0.001090
13.487127 -0.001029
13.493655 -0.000907
13.500183 -0.000845
13.506711 -0.000540
13.513240 -0.000357
13.519768 -0.000174
13.526296 0.000436
13.532824 0.000192
13.539352 0.000009
13.545880 0.000070
13.552408 0.000070
13.558937 -0.000174
13.565465 -0.000479
13.571993 0.000375
13.578521 0.000436
13.585049 0.000558
13.591577 0.000619
13.598105 0.000986
13.604634 0.001169
13.611162 0.001596
13.617690 0.001352
13.624218 0.000986
13.630746 0.000925
13.637274 0.000741
13.643802 0.000436
13.650331 0.000925
13.656859 0.001169
13.663387 0.000925
13.669915 0.001169
13.676443 0.001047
13.682971 0.001230
13.689499 0.001047
13.696028 0.001229
13.702556 0.001534
13.709084 0.001717
13.715612 0.001229
13.722140 0.001351
13.728668 0.000985
13.735196 0.000985
13.741725 0.001046
13.748253 0.001168
13.754781 0.001412
13.761309 0.001778
13.767837 0.001778
13.774365 0.001778
13.780894 0.002083
13.787422 0.002083
13.793950 0.002083
13.800478 0.001412
13.807006 0.001168
13.813534 0.001168
13.820062 0.000924
13.826591 0.001046
13.833119 0.001168
13.839647 0.001046
13.846175 0.001351
13.852703 0.001412
13.859231 0.001168
13.865759 0.000985
13.872288 0.000801
13.878816 0.000557
13.885344 0.000374
13.891872 0.000252
13.898400 -0.000175
13.904928 -0.000663
13.911456 -0.000663
13.917985 -0.000480
13.924513 0.000191
13.931041 0.000435
13.937569 0.000557
13.944097 0.000740
13.950625 0.000374
13.957153 -0.000053
13.963682 -0.000602
13.970210 -0.001213
13.976738 -0.001396
13.983266 -0.001091
13.989794 -0.001030
13.996322 -0.000846
14.002850 -0.000663
14.009379 -0.000297
14.015907 -0.000541
14.022435 -0.000175
14.028963 -0.000541
14.035491 -0.000846
14.042019 -0.001457
14.048547 -0.002006
14.055076 -0.002189
14.061604 -0.001885
14.068132 -0.002007
14.074660 -0.001763
14.081188 -0.001397
14.087716 -0.001458
14.094244 -0.001397
14.100773 -0.001275
14.107301 -0.000909
14.113829 -0.001458
14.120357 -0.001641
14.126885 -0.001641
14.133413 -0.001885
14.139942 -0.002068
14.146470 -0.002068
14.152998 -0.001580
14.159526 -0.001397
14.166054 -0.001397
14.172582 -0.000909
14.179110 -0.000664
14.185639 -0.000542
14.192167 -0.000725
14.198695 -0.001214
14.205223 -0.001214
14.211751 -0.001580
14.218279 -0.001641
14.224807 -0.001580
14.231336 -0.001214
14.237864 -0.000725
14.244392 -0.000298
14.250920 0.000068
14.257448 0.000251
14.263976 0.000007
14.270504 0.000190
14.277033 -0.000115
14.283561 0.000007
14.290089 0.000373
14.296617 0.000007
14.303145 -0.000359
14.309673 -0.000176
14.316201 0.000251
14.322730 0.000556
14.329258 0.000617
14.335786 0.001045
14.342314 0.001350
14.348842 0.001594
14.355370 0.001228
14.361898 0.000800
14.368427 0.000923
14.374955 0.000984
14.381483 0.000800
14.388011 0.000800
14.394539 0.000800
14.401067 0.001045
14.407595 0.001228
14.414124 0.001350
14.420652 0.001533
14.427180 0.001715
14.433708 0.001776
14.440236 0.001959
14.446764 0.001593
14.453292 0.001227
14.459821 0.001044
14.466349 0.001227
14.472877 0.000922
14.479405 0.001227
14.485933 0.001898
14.492461 0.001959
14.498990 0.002264
14.505518 0.001959
14.512046 0.001959
14.518574 0.001593
14.525102 0.000983
14.531630 0.001166
14.538158 0.001349
14.544687 0.001166
14.551215 0.000983
14.557743 0.001166
14.564271 0.000983
14.570799 0.000983
14.577327 0.001227
14.583855 0.000922
14.590384 0.000433
14.596912 0.000555
14.603440 0.000372
14.609968 0.000189
14.616496 0.000006
14.623024 0.000067
14.629552 0.000555
14.636081 0.000616
14.642609 0.000494
14.649137 -0.000177
14.655665 -0.000543
14.662193 -0.000360
14.668721 -0.000299
14.675249 -0.000299
14.681778 -0.000116
14.688306 -0.000299
14.694834 0.000067
14.701362 0.000067
14.707890 -0.000299
14.714418 -0.000482
14.720946 -0.000299
14.727475 -0.000665
14.734003 -0.001032
14.740531 -0.001215
14.747059 -0.001032
14.753587 -0.001032
14.760115 -0.001093
14.766643 -0.001032
14.773172 -0.000665
14.779700 -0.000848
14.786228 -0.001276
14.792756 -0.001215
14.799284 -0.001094
14.805812 -0.001460
14.812340 -0.002009
14.818869 -0.001643
14.825397 -0.001460
14.831925 -0.001399
14.838453 -0.001277
14.844981 -0.001094
14.851509 -0.000544
14.858038 -0.000483
14.864566 -0.000483
14.871094 -0.000911
14.877622 -0.001643
14.884150 -0.001277
14.890678 -0.001033
14.897206 -0.001399
14.903735 -0.001277
14.910263 -0.001460
14.916791 -0.001460
14.923319 -0.000911
14.929847 -0.000300
14.936375 -0.000666
14.942903 -0.000727
14.949432 -0.000911
14.955960 -0.000911
14.962488 -0.001094
14.969016 -0.000911
14.975544 -0.001094
14.982072 -0.001216
14.988600 -0.000911
14.995129 -0.000666
15.001657 -0.000361
15.008185 -0.000361
15.014713 0.000188
15.021241 0.000554
15.027769 0.000188
15.034297 0.000371
15.040826 0.000188
15.047354 0.000188
15.053882 0.000005
15.060410 -0.000300
15.066938 0.000005
15.073466 0.000188
15.079994 0.000737
15.086523 0.001226
15.093051 0.001775
15.099579 0.001775
15.106107 0.001531
15.112635 0.001714
15.119163 0.001226
15.125691 0.000798
15.132220 0.000737
15.138748 0.000249
15.145276 0.000432
15.151804 0.000921
15.158332 0.000982
15.164860 0.001042
15.171388 0.001957
15.177917 0.001957
15.184445 0.002079
15.190973 0.001530
15.197501 0.001408
15.204029 0.001225
15.210557 0.000920
15.217086 0.001164
15.223614 0.001347
15.230142 0.001408
15.236670 0.001591
15.243198 0.001896
15.249726 0.002262
15.256254 0.002262
15.262783 0.002140
15.269311 0.001591
15.275839 0.001164
15.282367 0.001591
15.288895 0.001042
15.295423 0.000614
15.301951 0.000553
15.308480 0.000309
15.315008 0.000675
15.321536 0.000736
15.328064 0.000736
15.334592 0.000858
15.341120 0.001164
15.347648 0.000736
15.354177 0.000126
15.360705 0.000126
15.367233 0.000126
15.373761 0.000309
15.380289 0.000126
15.386817 0.000126
15.393345 -0.000057
15.399874 -0.000057
15.406402 0.000004
15.412930 -0.000423
15.419458 -0.000423
15.425986 -0.000179
15.432514 -0.000057
15.439042 -0.000057
15.445571 -0.000240
15.452099 -0.000789
15.458627 -0.001095
15.465155 -0.001278
15.471683 -0.001095
15.478211 -0.001095
15.484739 -0.001278
15.491268 -0.000912
15.497796 -0.000850
15.504324 -0.000850
15.510852 -0.001095
15.517380 -0.001583
15.523908 -0.001583
15.530436 -0.001461
15.536965 -0.001584
15.543493 -0.001889
15.550021 -0.001462
15.556549 -0.001645
15.563077 -0.001584
15.569605 -0.001462
15.576134 -0.001218
15.582662 -0.001096
15.589190 -0.001218
15.595718 -0.001096
15.602246 -0.001096
15.608774 -0.001401
15.615302 -0.001584
15.621831 -0.001218
15.628359 -0.000851
15.634887 -0.000668
15.641415 -0.000668
15.647943 -0.000729
15.654471 -0.001035
15.660999 -0.000851
15.667528 -0.001218
15.674056 -0.000668
15.680584 -0.000546
15.687112 -0.000668
15.693640 -0.000913
15.700168 -0.000729
15.706696 -0.000363
15.713225 -0.000363
15.719753 -0.000363
15.726281 -0.000302
15.732809 0.000003
15.739337 0.000003
15.745865 -0.000302
15.752393 -0.000302
15.758922 -0.000302
15.765450 0.000003
15.771978 0.000369
15.778506 0.000369
15.785034 0.000247
15.791562 0.000186
15.798090 0.000919
15.804619 0.000919
15.811147 0.000430
15.817675 0.000796
15.824203 0.000980
15.830731 0.001529
15.837259 0.001163
15.843787 0.000919
15.850316 0.000735
15.856844 0.000613
15.863372 0.001224
15.869900 0.001163
15.876428 0.000919
15.882956 0.000796
15.889484 0.000980
15.896013 0.001224
15.902541 0.001162
15.909069 0.001223
15.915597 0.001162
15.922125 0.001345
15.928653 0.000918
15.935182 0.000795
15.941582 0.000734
15.948110 0.001162
15.954638 0.001406
15.961166 0.001528
15.967694 0.001162
15.974222 0.001223
15.980751 0.001345
15.987279 0.001772
15.993807 0.001772
16.000335 0.001772
16.006863 0.001040
16.013391 0.001040
16.019919 0.000979
16.026448 0.001223
16.032976 0.001040
16.039504 0.000734
16.046032 0.000979
16.052560 0.001101
16.059088 0.000979
16.065616 0.000734
16.072145 0.000551
16.078673 0.000185
16.085201 -0.000181
16.091729 -0.000364
16.098257 -0.000364
16.104785 -0.000181
16.111313 0.000185
16.117842 0.000124
16.124370 0.000124
16.130898 0.000185
16.137426 0.000307
16.143954 0.000185
16.150482 -0.000059
16.157010 -0.000364
16.163539 -0.000242
16.170067 -0.000181
16.176595 -0.000608
16.183123 -0.000547
16.189651 -0.000425
16.196179 -0.000364
16.202707 -0.000608
16.209236 -0.000730
16.215764 -0.000364
16.222292 -0.000181
16.228820 -0.000608
16.235348 -0.000608
16.241876 -0.000852
16.248404 -0.000914
16.254933 -0.001097
16.261461 -0.000730
16.267989 -0.001098
16.274517 -0.001586
16.281045 -0.001464
16.287573 -0.001403
16.294102 -0.001281
16.300630 -0.001647
16.307158 -0.001464
16.313686 -0.001647
16.320214 -0.001281
16.326742 -0.001464
16.333270 -0.001586
16.339799 -0.001281
16.346327 -0.000670
16.352855 -0.000915
16.359383 -0.001464
16.365911 -0.001220
16.372439 -0.001464
16.378967 -0.001037
16.385496 -0.000731
16.392024 -0.000731
16.398552 -0.000670
16.405080 -0.000731
16.411608 -0.000731
16.418136 -0.000915
16.424664 -0.000853
16.431193 -0.000670
16.437721 -0.000670
16.444249 -0.001037
16.450777 -0.000915
16.457305 -0.000487
16.463833 -0.000548
16.470361 -0.000304
16.476890 -0.000182
16.483418 -0.000121
16.489946 -0.000121
16.496474 -0.000487
16.503002 0.000184
16.509530 0.000367
16.516058 0.000367
16.522587 -0.000121
16.529115 0.000062
16.535643 0.000062
16.542171 0.000794
16.548699 0.000733
16.555227 0.001039
16.561755 0.001527
16.568284 0.001710
16.574812 0.001222
16.581340 0.000978
16.587868 0.000978
16.594396 0.000978
16.600924 0.001161
16.607452 0.001161
16.613981 0.001222
16.620509 0.001222
16.627037 0.000917
16.633565 0.001161
16.640093 0.001526
16.646621 0.001526
16.653150 0.001526
16.659678 0.001892
16.666206 0.001587
16.672734 0.001343
16.679262 0.000793
16.685790 0.000793
16.692318 0.000916
16.698847 0.001160
16.705375 0.001526
16.711903 0.001221
16.718431 0.001160
16.724959 0.001343
16.731487 0.001770
16.738015 0.002075
16.744544 0.002014
16.751072 0.001282
16.757600 0.001282
16.764128 0.000977
16.770656 0.000366
16.777184 0.000549
16.783712 0.000732
16.790241 0.000549
16.796769 0.000854
16.803297 0.001160
16.809825 0.000977
16.816353 0.000977
16.822881 0.000732
16.829409 0.000732
16.835938 0.000305
16.842466 -0.000427
16.848994 -0.000610
16.855522 -0.000977
16.862050 -0.000916
16.868578 -0.000610
16.875106 -0.000427
16.881635 -0.000183
16.888163 0.000183
16.894691 0.000183
16.901219 -0.000000
16.907747 -0.000610
16.914275 -0.000610
16.920803 -0.000793
16.927332 -0.001282
16.933860 -0.001282
16.940388 -0.001282
16.946916 -0.000916
16.953444 -0.000732
16.959972 -0.000183
16.966500 -0.000427
16.973029 -0.000610
16.979557 -0.000610
16.986085 -0.000732
16.992613 -0.001282
16.999141 -0.001587
17.005669 -0.001649
17.012198 -0.001649
17.018726 -0.001893
17.025254 -0.001771
17.031782 -0.001771
17.038310 -0.001405
17.044838 -0.000855
17.051366 -0.000733
17.057895 -0.001100
17.064423 -0.001405
17.070951 -0.001466
17.077479 -0.001466
17.084007 -0.001649
17.090535 -0.001588
17.097063 -0.001039
17.103592 -0.001100
17.110120 -0.000855
17.116648 -0.000672
17.123176 -0.000489
17.129704 -0.000306
17.136232 -0.000550
17.142760 -0.000550
17.149289 -0.000123
17.155817 -0.000001
17.162345 -0.000489
17.168873 -0.000733
17.175401 -0.000672
17.181929 -0.000917
17.188457 -0.000917
17.194986 -0.000123
17.201514 0.000182
17.208042 0.000731
17.214570 0.000548
17.221098 0.000243
17.227626 -0.000367
17.234154 -0.000367
17.240683 -0.000123
17.247211 -0.000184
17.253739 -0.000184
17.260267 0.000060
17.266795 0.000426
17.273323 0.000365
17.279851 0.000365
17.286380 0.000976
17.292908 0.001037
17.299436 0.001220
17.305964 0.001342
17.312492 0.000792
17.319020 0.000426
17.325548 0.000548
17.332077 0.000548
17.338605 0.000915
17.345133 0.001037
17.351661 0.001220
17.358189 0.001586
17.364717 0.001403
17.371246 0.001219
17.377774 0.001219
17.384302 0.001158
17.390830 0.001036
17.397358 0.000608
17.403886 0.000547
17.410414 0.000608
17.416943 0.000791
17.423471 0.000914
17.429999 0.000791
17.436527 0.000914
17.443055 0.001036
17.449583 0.001219
17.456111 0.001707
17.462640 0.001524
17.469168 0.000914
17.475696 0.000975
17.482224 0.001158
17.488752 0.001097
17.495280 0.001463
17.501808 0.001646
17.508337 0.001524
17.514865 0.001158
17.521393 0.000975
17.527921 0.000730
17.534449 0.000669
17.540977 0.000914
17.547505 0.001280
17.554034 0.001097
17.560562 0.000547
17.567090 0.000364
17.573618 -0.000002
17.580146 0.000120
17.586674 -0.000002
17.593202 -0.000246
17.599731 0.000120
17.606259 -0.000185
17.612787 -0.000246
17.619315 -0.000734
17.625843 -0.000734
17.632371 -0.000246
17.638899 -0.000185
17.645428 -0.000429
17.651956 -0.000368
17.658484 -0.000429
17.665012 -0.000246
17.671540 -0.000551
17.678068 -0.001162
17.684596 -0.001162
17.691125 -0.001101
17.697653 -0.000795
17.704181 -0.000734
17.710709 -0.000612
17.717237 -0.000979
17.723765 -0.001467
17.730294 -0.001345
17.736822 -0.001467
17.743350 -0.001407
17.749878 -0.001224
17.756406 -0.001041
17.762934 -0.001590
17.769462 -0.001651
17.775991 -0.001590
17.782519 -0.001773
17.789047 -0.001773
17.795575 -0.001590
17.802103 -0.001224
17.808631 -0.001102
17.815159 -0.001651
17.821688 -0.001590
17.828216 -0.001590
17.834744 -0.001468
17.841272 -0.001407
17.847800 -0.001041
17.854328 -0.000857
17.860856 -0.000735
17.867385 -0.000552
17.873913 -0.000308
17.880441 0.000058
17.886969 0.000241
17.893497 0.000058
17.900025 -0.000186
17.906553 -0.000552
17.913082 -0.000369
17.919610 -0.000125
17.926138 -0.000125
17.932666 -0.000186
17.939194 -0.000186
17.945722 0.000058
17.952250 0.000363
17.958779 0.000363
17.965307 0.000241
17.971835 0.000241
17.978363 -0.000125
17.984891 -0.000491
17.991419 -0.000369
17.997947 0.000180
18.004476 0.000241
18.011004 0.000241
18.017532 0.000241
18.024060 0.000546
18.030588 0.000790
18.037116 0.000913
18.043644 0.001157
18.050173 0.001401
18.056701 0.001584
18.063229 0.000974
18.069757 0.000546
18.076285 0.000424
18.082813 0.000546
18.089342 0.000974
18.095870 0.001340
18.102398 0.001523
18.108926 0.001705
18.115454 0.001705
18.121982 0.001400
18.128510 0.001217
18.135039 0.001217
18.141567 0.001156
18.148095 0.001034
18.154623 0.000789
18.161151 0.000606
18.167679 0.000728
18.174207 0.000912
18.180736 0.000789
18.187264 0.000789
18.193792 0.001034
18.200320 0.000973
18.206848 0.000912
18.213376 0.000667
18.219904 0.000484
18.226433 0.000484
18.232961 0.000545
18.239489 0.000545
18.246017 0.001156
18.252545 0.001095
18.259073 0.000973
18.265601 0.001278
18.272130 0.001156
18.278658 0.000912
18.285186 0.000912
18.291714 0.000728
18.298242 0.000912
18.304770 0.000973
18.311298 0.000362
18.317827 -0.000370
18.324355 -0.000614
18.330883 -0.000614
18.337411 -0.000370
18.343939 0.000179
18.350467 0.000301
18.356995 -0.000248
18.363524 -0.000614
18.370052 -0.000187
18.376580 -0.000614
18.383108 -0.000614
18.389636 -0.000797
18.396164 -0.001164
18.402692 -0.001103
18.409221 -0.000553
18.415749 -0.000920
18.422277 -0.000981
18.428805 -0.000797
18.435333 -0.000736
18.441861 -0.000553
18.448390 -0.000431
18.454918 -0.000431
18.461446 -0.000736
18.467974 -0.000797
18.474502 -0.000736
18.481030 -0.001653
18.487558 -0.001470
18.494087 -0.001226
18.500615 -0.001043
18.507143 -0.000921
18.513671 -0.000921
18.520199 -0.001592
18.526727 -0.001470
18.533255 -0.001287
18.539784 -0.001226
18.546312 -0.001409
18.552840 -0.001409
18.559368 -0.001653
18.565896 -0.001104
18.572424 -0.001653
18.578952 -0.001653
18.585481 -0.001470
18.592009 -0.001043
18.598537 -0.000921
18.605065 -0.000921
18.611593 -0.001226
18.618121 -0.000921
18.624649 -0.000554
18.631178 -0.000005
18.637706 -0.000005
18.644234 0.000178
18.650762 0.000056
18.657290 -0.000005
18.663818 -0.000554
18.670346 -0.000676
18.676875 -0.000554
18.683403 -0.000554
18.689931 -0.000188
18.696459 -0.000127
18.702987 0.000361
18.709515 0.000056
18.716043 -0.000127
18.722572 -0.000310
18.729100 -0.000371
18.735628 -0.000493
18.742156 -0.000371
18.748684 -0.000127
18.755212 0.000178
18.761740 0.000056
18.768269 0.000361
18.774797 0.000911
18.781325 0.000972
18.787853 0.000911
18.794381 0.001155
18.800909 0.001338
18.807438 0.000911
18.813966 0.000788
18.820494 0.000972
18.827022 0.000972
18.833550 0.000911
18.840078 0.000972
18.846606 0.001520
18.853135 0.001703
18.859663 0.002252
18.866191 0.002069
18.872719 0.001520
18.879247 0.001215
18.885775 0.001215
18.892303 0.001032
18.898832 0.001154
18.905360 0.000726
18.911888 0.000604
18.918416 0.000787
18.924944 0.000787
18.931472 0.001032
18.938000 0.000971
18.944529 0.000910
18.951057 0.001215
18.957585 0.001093
18.964113 0.000848
18.970641 0.000482
18.977169 -0.000006
18.983697 0.000482
18.990226 0.000543
18.996754 0.000543
19.003282 0.000971
19.009810 0.000910
19.016338 0.000910
19.022866 0.000971
19.029394 0.001154
19.035923 0.000971
19.042451 0.000177
19.048979 0.000482
19.055507 -0.000006
19.062035 -0.000189
19.068563 -0.000372
19.075091 -0.000555
19.081620 -0.000189
19.088148 -0.000250
19.094676 -0.000555
19.101204 -0.000250
19.107732 -0.000433
19.114260 -0.000433
19.120788 -0.000799
19.127317 -0.001288
19.133845 -0.001349
19.140373 -0.000983
19.146901 -0.001105
19.153429 -0.000983
19.159957 -0.001105
19.166486 -0.000738
19.173014 -0.000677
19.179542 -0.000555
19.186070 -0.000555
19.192598 -0.000372
19.199126 -0.000738
19.205654 -0.000922
19.212183 -0.001228
19.218711 -0.001777
19.225239 -0.001594
19.231767 -0.001289
19.238295 -0.001289
19.244823 -0.000739
19.251351 -0.000739
19.257880 -0.000678
19.264408 -0.000373
19.270936 -0.000678
19.277464 -0.001594
19.283992 -0.001472
19.290520 -0.001472
19.297048 -0.001411
19.303577 -0.001045
19.310105 -0.001045
19.316633 -0.001106
19.323161 -0.000923
19.329689 -0.000861
19.336217 -0.000556
19.342745 -0.000312
19.349274 -0.000129
19.355802 -0.000556
19.362330 -0.000373
19.368858 -0.000678
19.375386 -0.000495
19.381914 -0.000495
19.388442 -0.000495
19.394971 -0.000129
19.401499 0.000359
19.408027 0.000359
19.414555 0.000603
19.421083 0.000359
19.427611 0.000176
19.434139 -0.000190
19.440668 -0.000007
19.447196 0.000237
19.453724 0.000054
19.460252 -0.000007
19.466780 -0.000007
19.473308 0.000054
19.479836 0.000420
19.486365 0.000420
19.492893 0.000359
19.499421 0.000176
19.505949 0.000237
19.512477 0.000542
19.519005 0.000359
19.525534 0.000176
19.532062 0.000237
19.538590 0.000725
19.545118 0.000603
19.551646 0.001153
19.558174 0.001336
19.564702 0.001580
19.571231 0.001336
19.577759 0.000909
19.584287 0.001335
19.590815 0.001579
19.597343 0.001335
19.603871 0.001335
19.610399 0.001213
19.616928 0.001518
19.623456 0.001152
19.629984 0.000785
19.636512 0.000541
19.643040 0.000724
19.649568 0.000724
19.656096 0.000724
19.662625 0.000969
19.669153 0.000785
19.675681 0.000724
19.682209 0.000602
19.688737 0.001030
19.695265 0.000724
19.701793 0.000480
19.708322 0.000663
19.714850 0.000175
19.721378 -0.000069
19.727906 0.000663
19.734434 0.000663
19.740962 0.000724
19.747490 0.001091
19.754019 0.001091
19.760547 0.001091
19.767075 0.000969
19.773603 0.000846
19.780131 0.000541
19.786659 0.000358
19.793187 -0.000008
19.799716 0.000297
19.806244 -0.000191
19.812772 -0.000618
19.819300 -0.000374
19.825828 -0.000374
19.832356 -0.000435
19.838884 -0.000435
19.845413 0.000114
19.851941 0.000114
19.858469 0.000114
19.864997 -0.000618
19.871525 -0.000618
19.878053 -0.000985
19.884582 -0.001290
19.891110 -0.000985
19.897638 -0.000801
19.904166 -0.000801
19.910694 -0.000924
19.917222 -0.000557
19.923750 -0.000252
19.930279 -0.000191
19.936807 -0.000557
19.943335 -0.000801
19.949863 -0.001047
19.956391 -0.001291
19.962919 -0.001413
19.969447 -0.001596
19.975976 -0.001474
19.982504 -0.001291
19.989032 -0.001108
19.995560 -0.000558
20.002088 -0.000314
20.008616 -0.000192
20.015144 -0.000131
20.021673 -0.000741
20.028201 -0.001291
20.034729 -0.001474
20.041257 -0.001901
20.047785 -0.001901
20.054313 -0.001657
20.060841 -0.001230
20.067370 -0.001047
20.073898 -0.000375
20.080426 -0.000192
20.086954 -0.000009
20.093482 -0.000009
20.100010 -0.000192
20.106538 -0.000375
20.113067 -0.000741
20.119595 -0.000925
20.126123 -0.001230
20.132651 -0.001047
20.139179 -0.000192
20.145707 0.000052
20.152235 0.000540
20.158764 0.000907
20.165292 0.000784
20.171820 0.000601
20.178348 0.000357
20.184876 0.000418
20.191404 0.000052
20.197932 0.000052
20.204461 0.000174
20.210989 -0.000009
20.217517 -0.000131
20.224045 0.000174
20.230573 0.000418
20.237101 0.000907
20.243630 0.000540
20.250158 0.000784
20.256686 0.001212
20.263214 0.001151
20.269742 0.001029
20.276270 0.000540
20.282798 0.000235
20.289327 0.000540
20.295855 0.000418
20.302383 0.000968
20.308911 0.001334
20.315439 0.001212
20.321967 0.001394
20.328495 0.002248
20.335024 0.002065
20.341552 0.002065
20.348080 0.001699
20.354608 0.001516
20.361136 0.000906
20.367664 0.000967
20.374192 0.000722
20.380721 0.000173
20.387249 0.000478
20.393777 0.001150
20.400305 0.001089
20.406833 0.000967
20.413361 0.000906
20.419889 0.001150
20.426418 0.001089
20.432946 0.000661
20.439474 0.000295
20.446002 0.000173
20.452530 -0.000071
20.459058 -0.000010
20.465586 0.000112
20.472115 0.000173
20.478643 0.000112
20.485171 0.000539
20.491699 0.001333
20.498227 0.001272
20.504755 0.000906
20.511283 0.000661
20.517812 0.000295
20.524340 -0.000254
20.530868 -0.000376
20.537396 -0.000376
20.543924 -0.000437
20.550452 0.000173
20.556980 0.000539
20.563509 0.000173
20.570037 -0.000071
20.576565 -0.000193
20.583093 -0.000254
20.589621 -0.000376
20.596149 -0.000559
20.602678 -0.000987
20.609206 -0.001353
20.615734 -0.001170
20.622262 -0.001475
20.628790 -0.001475
20.635318 -0.001170
20.641846 -0.000987
20.648375 -0.001292
20.654903 -0.000926
20.661431 -0.000071
20.667959 -0.000010
20.674487 -0.000437
20.681015 -0.000620
20.687543 -0.000988
20.694072 -0.000743
20.700600 -0.000927
20.707128 -0.000743
20.713656 -0.000499
20.720184 -0.000682
20.726712 -0.000743
20.733240 -0.000560
20.739769 -0.000499
20.746297 -0.000743
20.752825 -0.000560
20.759353 -0.000377
20.765881 -0.000377
20.772409 -0.001232
20.778937 -0.001293
20.785466 -0.001476
20.791994 -0.001781
20.798522 -0.001598
20.805050 -0.001476
20.811578 -0.000865
20.818106 -0.000560
20.824634 -0.000377
20.831163 -0.000560
20.837691 -0.000499
20.844219 -0.000499
20.850747 -0.000499
20.857275 -0.000499
20.863803 -0.000560
20.870331 -0.000682
20.876860 -0.000316
20.883388 -0.000194
20.889916 0.000172
20.896444 0.000233
20.902972 0.000721
20.909500 0.000599
20.916028 0.000355
20.922557 0.000416
20.929085 0.000355
20.935613 -0.000133
20.942141 -0.000133
20.948669 -0.000133
20.955197 0.000050
20.961726 0.000050
20.968254 0.000172
20.974782 0.000233
20.981310 0.000538
20.987838 0.000782
20.994366 0.000905
21.000894 0.000966
21.007423 0.001027
21.013951 0.000538
21.020479 0.000538
21.027007 0.000721
21.033535 0.000416
21.040063 0.000905
21.046591 0.001027
21.053120 0.000720
21.059648 0.001026
21.066176 0.001392
21.072704 0.001697
21.079232 0.001880
21.085760 0.001392
21.092288 0.001209
21.098817 0.001270
21.105345 0.001331
21.111873 0.001148
21.118401 0.000842
21.124929 0.000354
21.131457 0.000476
21.137985 0.000659
21.144514 0.000965
21.151042 0.000720
21.157570 0.000904
21.164098 0.001087
21.170626 0.001087
21.177154 0.000842
21.183682 0.000537
21.190211 0.000476
21.196739 -0.000073
21.203267 -0.000073
21.209795 0.000171
21.216323 0.000842
21.222851 0.000842
21.229379 0.000842
21.235908 0.000720
21.242436 0.000354
21.248964 0.000354
21.255492 0.000171
21.262020 -0.000073
21.268548 -0.000256
21.275076 -0.000378
21.281605 -0.000073
21.288133 0.000293
21.294661 -0.000012
21.301189 -0.000012
21.307717 -0.000195
21.314245 -0.000195
21.320774 -0.000561
21.327302 -0.001111
21.333830 -0.000928
21.340358 -0.000928
21.346886 -0.000805
21.353414 -0.001172
21.359942 -0.001294
21.366471 -0.001172
21.372999 -0.000622
21.379527 -0.000805
21.386055 -0.001111
21.392583 -0.001294
21.399111 -0.000989
21.405639 -0.000744
21.412168 -0.000805
21.418696 -0.000928
21.425224 -0.000623
21.431752 -0.000745
21.438280 -0.000745
21.444808 -0.000867
21.451336 -0.001051
21.457865 -0.000867
21.464393 -0.000867
21.470921 -0.000745
21.477449 -0.001234
21.483977 -0.000745
21.490505 -0.000745
21.497033 -0.000562
21.503562 -0.000562
21.510090 -0.000562
21.516618 -0.000745
21.523146 -0.000929
21.529674 -0.001478
21.536202 -0.001234
21.542730 -0.001234
21.549259 -0.001417
21.555787 -0.000929
21.562315 -0.000684
21.568843 -0.000318
21.575371 -0.000196
21.581899 -0.000196
21.588427 -0.000196
21.594956 -0.000562
21.601484 -0.000684
21.608012 -0.000379
21.614540 -0.000135
21.621068 0.000231
21.627596 0.000231
21.634124 -0.000135
21.640653 0.000231
21.647181 0.000536
21.653709 0.000719
21.660237 0.000414
21.666765 0.000170
21.673293 -0.000135
21.679822 0.000536
21.686350 0.000414
21.692878 0.000353
21.699406 0.000780
21.705934 0.000597
21.712462 0.000414
21.718990 0.000780
21.725519 0.000903
21.732047 0.000964
21.738575 0.001147
21.745103 0.000719
21.751631 0.000780
21.758159 0.000536
21.764687 0.000597
21.771216 0.000780
21.777744 0.000414
21.784272 0.000719
21.790800 0.000779
21.797328 0.000963
21.803856 0.001329
21.810384 0.001207
21.816913 0.001695
21.823441 0.001573
21.829969 0.001512
21.836497 0.000963
21.843025 0.000840
21.849553 0.000840
21.856081 0.000840
21.862610 0.000718
21.869138 0.000657
21.875666 0.000840
21.882194 0.000840
21.888722 0.000902
21.895250 0.000657
21.901778 0.000535
21.908307 0.001085
21.914835 0.000963
21.921363 0.000352
21.927891 0.000291
21.934419 -0.000014
21.940947 -0.000197
21.947475 -0.000258
21.954004 -0.000075
21.960532 0.000718
21.967060 0.000963
21.973588 0.000840
21.980116 0.000902
21.986644 0.000718
21.993172 0.000474
21.999701 0.000352
22.006229 0.000169
22.012757 -0.000380
22.019285 -0.000258
22.025813 0.000169
22.032341 0.000108
22.038869 0.000108
22.045398 0.000169
22.051926 0.000291
22.058454 -0.000197
22.064982 -0.000563
22.071510 -0.000075
22.078038 -0.000197
22.084567 -0.000624
22.091095 -0.000991
22.097623 -0.001174
22.104151 -0.000930
22.110679 -0.001113
22.117207 -0.000563
22.123735 -0.000380
22.130264 -0.000380
22.136792 -0.000441
22.143320 -0.000991
22.149848 -0.000746
22.156376 -0.000625
22.162904 -0.001358
22.169432 -0.001541
22.175961 -0.001358
22.182489 -0.001175
22.189017 -0.001175
22.195545 -0.000808
22.202073 -0.000564
22.208601 -0.000442
22.215129 -0.000808
22.221658 -0.000564
22.228186 -0.000808
22.234714 -0.000869
22.241242 -0.000564
22.247770 -0.000931
22.254298 -0.001053
22.260826 -0.000931
22.267355 -0.000869
22.273883 -0.000686
22.280411 -0.000747
22.286939 -0.001053
22.293467 -0.001297
22.299995 -0.000931
22.306523 -0.000747
22.313052 -0.000320
22.319580 -0.000015
22.326108 -0.000381
22.332636 -0.000503
22.339164 -0.000686
22.345692 -0.000564
22.352220 -0.000015
22.358749 0.000046
22.365277 0.000168
22.371805 0.000534
22.378333 0.000717
22.384861 0.000229
22.391389 0.000412
22.397917 0.000046
22.404446 0.000046
22.410974 0.000229
22.417502 0.000595
22.424030 0.000351
22.430558 0.000351
22.437086 0.000351
22.443615 0.000534
22.450143 0.000534
22.456671 0.000595
22.463199 0.000901
22.469727 0.001023
22.476255 0.000962
22.482783 0.000901
22.489312 0.000901
22.495840 0.000351
22.502368 0.000595
22.508896 0.001145
22.515424 0.001023
22.521952 0.001084
22.528480 0.001144
22.535009 0.000900
22.541537 0.000961
22.548065 0.001083
22.554593 0.000900
22.561121 0.000900
22.567649 0.001327
22.574177 0.001510
22.580706 0.000961
22.587234 0.001144
22.593762 0.001083
22.600290 0.001266
22.606818 0.000900
22.613346 0.000655
22.619874 0.000655
22.626403 0.000900
22.632931 0.001266
22.639459 0.000838
22.645987 0.000533
22.652515 0.000167
22.659043 0.000472
22.665571 0.000472
22.672100 0.000472
22.678628 0.000472
22.685156 0.000350
22.691684 -0.000199
22.698212 -0.000443
22.704740 -0.000260
22.711268 -0.000077
22.717797 0.000106
22.724325 0.000106
22.730853 0.000350
22.737381 0.000472
22.743909 0.000472
22.750437 0.000350
22.756965 0.000167
22.763494 -0.000199
22.770022 -0.000260
22.776550 -0.000199
22.783078 -0.000443
22.789606 -0.000626
22.796134 -0.000565
22.802663 -0.000199
22.809191 -0.000260
22.815719 -0.000077
22.822247 -0.000260
22.828775 -0.000443
22.835303 -0.000748
22.841831 -0.000993
22.848360 -0.001481
22.854888 -0.001542
22.861416 -0.001359
22.867944 -0.000932
22.874472 -0.000932
22.881000 -0.000993
22.887528 -0.000748
22.894057 -0.000444
22.900585 -0.000749
22.907113 -0.000994
22.913641 -0.001299
22.920169 -0.000810
22.926697 -0.000933
22.933225 -0.001177
22.939754 -0.001116
22.946282 -0.000994
22.952810 -0.000749
22.959338 -0.000749
22.965866 -0.000566
22.972394 -0.000261
22.978922 -0.000017
22.985451 -0.000078
22.991979 -0.000444
22.998507 -0.000749
23.005035 -0.000871
23.011563 -0.000871
23.018091 -0.001238
23.024619 -0.001238
23.031148 -0.001299
23.037676 -0.001238
23.044204 -0.000933
23.050732 -0.000383
23.057260 -0.000017
23.063788 -0.000139
23.070316 -0.000322
23.076845 -0.000322
23.083373 -0.000139
23.089901 -0.000383
23.096429 -0.000566
23.102957 -0.000383
23.109485 0.000166
23.116013 0.000593
23.122542 0.000776
23.129070 0.000776
23.135598 0.000532
23.142126 0.000715
23.148654 0.000410
23.155182 0.000227
23.161711 0.000532
23.168239 0.000776
23.174767 0.000532
23.181295 0.000166
23.187823 0.000166
23.194351 0.000044
23.200879 0.000410
23.207408 0.001021
23.213936 0.000776
23.220464 0.000532
23.226992 0.000410
23.233520 0.000410
23.240048 0.000166
23.246576 0.000166
23.253105 0.000288
23.259633 0.000166
23.266161 0.000653
23.272689 0.000836
23.279217 0.001081
23.285745 0.000836
23.292273 0.000959
23.298802 0.001081
23.305330 0.001264
23.311858 0.001142
23.318386 0.000898
23.324914 0.000898
23.331442 0.000898
23.337970 0.000959
23.344499 0.001325
23.351027 0.001081
23.357555 0.000714
23.364083 0.000898
23.370611 0.001081
23.377139 0.001081
23.383667 0.000898
23.390196 0.000653
23.396724 0.000653
23.403252 0.000470
23.409780 0.000104
23.416308 -0.000079
23.422836 -0.000018
23.429364 0.000165
23.435893 -0.000201
23.442421 -0.000384
23.448949 -0.000018
23.455477 0.000165
23.462005 0.000470
23.468533 0.000287
23.475061 0.000531
23.481590 0.000348
23.488118 0.000287
23.494646 0.000165
23.501174 -0.000201
23.507702 0.000165
23.514230 0.000348
23.520759 -0.000018
23.527287 0.000287
23.533815 -0.000262
23.540343 -0.000445
23.546871 -0.000384
23.553399 -0.000201
23.559927 -0.000201
23.566456 -0.000384
23.572984 -0.000628
23.579512 -0.000995
23.586040 -0.001178
23.592568 -0.001361
23.599096 -0.001361
23.605624 -0.001483
23.612153 -0.001178
23.618681 -0.000995
23.625209 -0.000750
23.631737 -0.000568
23.638265 -0.000812
23.644793 -0.000751
23.651321 -0.001118
23.657850 -0.000935
23.664378 -0.000751
23.670906 -0.001179
23.677434 -0.001301
23.683962 -0.001179
23.690490 -0.001179
23.697018 -0.001118
23.703547 -0.000996
23.710075 -0.000935
23.716603 -0.000385
23.723131 -0.000385
23.729659 -0.000385
23.736187 -0.000690
23.742715 -0.000751
23.749244 -0.000873
23.755772 -0.000935
23.762300 -0.000751
23.768828 -0.000568
23.775356 -0.001057
23.781884 -0.000324
23.788412 -0.000507
23.794941 -0.000324
23.801469 -0.000507
23.807997 -0.000324
23.814525 0.000408
23.821053 0.000042
23.827581 -0.000324
23.834109 -0.000385
23.840638 -0.000507
23.847166 -0.000202
23.853694 -0.000141
23.860222 0.000225
23.866750 0.000591
23.873278 0.000958
23.879807 0.001019
23.886335 0.000958
23.892863 0.000713
23.899391 0.000713
23.905919 0.000713
23.912447 0.000897
23.918975 0.000713
23.925504 0.000042
23.932032 0.000042
23.938560 0.000347
23.945088 0.000408
23.951616 0.000897
23.958144 0.000897
23.964672 0.000897
23.971201 0.000897
23.977729 0.001080
23.984257 0.000713
23.990785 0.000530
23.997313 0.000163
24.003841 0.000163
24.010369 0.000285
24.016898 0.000346
24.023426 0.000712
24.029954 0.001079
24.036482 0.001811
24.043010 0.001445
24.049538 0.001140
24.056066 0.001079
24.062595 0.000712
24.069123 0.000957
24.075651 0.000834
24.082179 0.000468
24.088707 0.000346
24.095235 0.000834
24.101763 0.000834
24.108292 0.000346
24.114820 0.000102
24.121348 0.000346
24.127876 0.000468
24.134404 0.000834
24.140932 0.000651
24.147460 0.000346
24.153989 0.000346
24.160517 0.000468
24.167045 -0.000020
24.173573 -0.000386
24.180101 -0.000264
24.186629 -0.000569
24.193157 -0.000264
24.199686 0.000102
24.206214 0.000468
24.212742 0.000651
24.219270 0.000346
24.225798 0.000468
24.232326 0.000285
24.238855 0.000102
24.245383 -0.000203
24.251911 -0.000264
24.258439 -0.000447
24.264967 -0.000813
24.271495 -0.000203
24.278023 -0.000203
24.284552 0.000102
24.291080 0.000102
24.297608 -0.000203
24.304136 -0.000264
24.310664 -0.000081
24.317192 -0.000386
24.323720 -0.000936
24.330121 -0.001180
24.336649 -0.001485
24.343177 -0.001302
24.349705 -0.001363
24.356233 -0.001302
24.362761 -0.001119
24.369289 -0.000753
24.375818 -0.000753
24.382346 -0.000814
24.388874 -0.000753
24.395402 -0.000998
24.401930 -0.001120
24.408458 -0.000753
24.414986 -0.000570
24.421515 -0.000998
24.428043 -0.001303
24.434571 -0.000937
24.441099 -0.000753
24.447627 -0.000753
24.454155 -0.000448
24.460683 -0.000387
24.467212 -0.000082
24.473740 -0.000387
24.480268 -0.000204
24.486796 -0.000082
24.493324 -0.000265
24.499852 -0.000631
24.506380 -0.001120
24.512909 -0.001242
24.519437 -0.000937
24.525965 -0.000692
24.532493 -0.000570
24.539021 -0.000204
24.545549 -0.000204
24.552077 -0.000021
24.558606 -0.000021
24.565134 -0.000326
24.571662 -0.000143
24.578190 -0.000387
24.584718 -0.000387
24.591246 -0.000509
24.597775 -0.000143
24.604303 0.000162
24.610831 0.000223
24.617359 0.000895
24.623887 0.000956
24.630415 0.000956
24.636943 0.001139
24.643472 0.000956
24.650000 0.000895
24.656528 0.000406
24.663056 0.000528
24.669584 -0.000021
24.676112 0.000284
24.682640 0.000711
24.689169 0.000895
24.695697 0.000895
24.702225 0.000895
24.708753 0.001261
24.715281 0.001261
24.721809 0.000895
24.728337 0.000467
24.734866 0.000344
24.741394 -0.000083
24.747922 0.000100
24.754450 -0.000022
24.760978 -0.000083
24.767506 0.000466
24.774034 0.000344
24.780563 0.000344
24.787091 0.000527
24.793619 0.001138
24.800147 0.001260
24.806675 0.001077
24.813203 0.001077
24.819731 0.001138
24.826260 0.001260
24.832788 0.000832
24.839316 0.000649
24.845844 0.000649
24.852372 0.000710
24.858900 0.000710
24.865428 0.000649
24.871957 0.000466
24.878485 0.000955
24.885013 0.000649
24.891541 0.000283
24.898069 0.000283
24.904597 0.000100
24.911125 0.000344
24.917654 0.000100
24.924182 -0.000083
24.930710 -0.000266
24.937238 -0.000754
24.943766 -0.000388
24.950294 -0.000388
24.956823 -0.000388
24.963351 0.000100
24.969879 0.000161
24.976407 -0.000449
24.982935 -0.000388
24.989463 -0.000022
24.995991 -0.000083
25.002520 0.000100
25.009048 0.000344
25.015576 -0.000022
25.022104 -0.000388
25.028632 -0.000571
25.035160 -0.000205
25.041688 -0.000754
25.048217 -0.000754
25.054745 -0.000754
25.061273 -0.000938
25.067801 -0.000999
25.074329 -0.000571
25.080857 -0.000571
25.087385 -0.001121
25.093914 -0.001182
25.100442 -0.001121
25.106970 -0.001000
25.113498 -0.000816
25.120026 -0.000939
25.126554 -0.000939
25.133082 -0.001000
25.139611 -0.000816
25.146139 -0.000755
25.152667 -0.000755
25.159195 -0.000633
25.165723 -0.000633
25.172251 -0.000084
25.178779 -0.000389
25.185308 -0.000572
25.191836 -0.000755
25.198364 -0.000816
25.204892 -0.000633
25.211420 -0.000633
25.217948 -0.000389
25.224476 -0.000450
25.231005 -0.000450
25.237533 -0.000023
25.244061 -0.000023
25.250589 0.000160
25.257117 -0.000084
25.263645 -0.000389
25.270173 -0.000694
25.276702 -0.000694
25.283230 -0.000755
25.289758 -0.000572
25.296286 -0.000572
25.302814 -0.000145
25.309342 -0.000206
25.315871 -0.000145
25.322399 -0.000145
25.328927 0.000160
25.335455 0.000160
25.341983 0.000343
25.348511 0.000038
25.355039 -0.000023
25.361568 -0.000206
25.368096 0.000038
25.374624 0.000343
25.381152 0.000709
25.387680 0.000954
25.394208 0.000770
25.400736 0.000893
25.407265 0.000954
25.413793 0.000648
25.420321 0.000831
25.426849 0.000954
25.433377 0.000709
25.439905 0.000709
25.446433 0.000648
25.452962 0.000893
25.459490 0.000526
25.466018 0.000099
25.472546 0.000342
25.479074 0.000708
25.485602 0.000464
25.492130 0.000525
25.498659 0.000525
25.505187 0.000708
25.511715 0.000647
25.518243 0.000708
25.524771 0.000708
25.531299 0.000647
25.537827 0.000830
25.544356 0.000647
25.550884 0.000892
25.557412 0.001136
25.563940 0.001136
25.570468 0.001441
25.576996 0.001258
25.583524 0.000953
25.590053 0.000525
25.596581 0.000647
25.603109 0.000464
25.609637 0.000464
25.616165 0.000830
25.622693 0.000647
25.629221 0.000342
25.635750 0.000464
25.642278 0.000281
25.648806 0.000159
25.655334 0.000281
25.661862 0.000342
25.668390 0.000281
25.674919 -0.000207
25.681447 -0.000573
25.687975 -0.000390
25.694503 -0.000268
25.701031 -0.000390
25.707559 -0.000207
25.714087 -0.000268
25.720616 -0.000573
25.727144 -0.000268
25.733672 -0.000207
25.740200 -0.000207
25.746728 -0.000268
25.753256 -0.000268
25.759784 -0.000207
25.766313 -0.000207
25.772841 -0.000390
25.779369 -0.000207
25.785897 -0.000085
25.792425 -0.000573
25.798953 -0.000940
25.805481 -0.000817
25.812010 -0.001001
25.818538 -0.001001
25.825066 -0.001001
25.831594 -0.001123
25.838122 -0.001124
25.844650 -0.000818
25.851178 -0.000818
25.857707 -0.000757
25.864235 -0.000757
25.870763 -0.001185
25.877291 -0.001551
25.883819 -0.001185
25.890347 -0.001368
25.896875 -0.001307
25.903404 -0.000757
25.909932 -0.000635
25.916460 -0.000635
25.922988 -0.000574
25.929516 -0.000452
25.936044 -0.000391
25.942572 -0.000452
25.949101 -0.000452
25.955629 -0.000574
25.962157 -0.000635
25.968685 -0.000757
25.975213 -0.000635
25.981741 -0.000574
25.988269 -0.000391
25.994798 -0.000208
26.001326 -0.000147
26.007854 -0.000147
26.014382 -0.000391
26.020910 -0.000391
26.027438 -0.000391
26.033967 -0.000574
26.040495 -0.000757
26.047023 -0.000025
26.053551 -0.000391
26.060079 -0.000208
26.066607 -0.000147
26.073135 -0.000208
26.079664 0.000219
26.086192 0.000341
26.092720 0.000524
26.099248 0.000952
26.105776 0.001013
26.112304 0.001135
26.118832 0.000707
26.125361 0.000341
26.131889 0.000707
26.138417 0.000341
26.144945 0.000463
26.151473 0.000646
26.158001 0.000707
26.164529 0.001135
26.171058 0.001257
26.177586 0.000952
26.184114 0.000952
26.190642 0.000891
26.197170 0.000891
26.203698 0.000341
26.210226 0.000096
26.216755 0.000157
26.223283 -0.000026
26.229811 0.000340
26.236339 0.000828
26.242867 0.000462
26.249395 0.000706
26.255923 0.000523
26.262452 0.000340
26.268980 0.000890
26.275508 0.000890
26.282036 0.000462
26.288564 0.000706
26.295092 0.000645
26.301620 0.000340
26.308149 0.000828
26.314677 0.000645
26.321205 0.000340
26.327733 0.000706
26.334261 0.000890
26.340789 0.000706
26.347317 0.000462
26.353846 0.000462
26.360374 0.000340
26.366902 0.000340
26.373430 -0.000270
26.379958 -0.000575
26.386486 0.000096
26.393015 -0.000026
26.399543 -0.000453
26.406071 -0.000392
26.412599 -0.000209
26.419127 -0.000209
26.425655 -0.000209
26.432183 -0.000026
26.438712 -0.000270
26.445240 -0.000392
26.451768 -0.000453
26.458296 -0.000453
26.464824 -0.000636
26.471352 -0.000758
26.477880 -0.000758
26.484409 -0.000758
26.490937 -0.000758
26.497465 -0.000758
26.503993 -0.000575
26.510521 -0.000087
26.517049 -0.000209
26.523577 -0.000575
26.530106 -0.000209
26.536634 -0.000636
26.543162 -0.000575
26.549690 -0.001003
26.556218 -0.000453
26.562746 -0.000453
26.569274 -0.000575
26.575803 -0.000943
26.582331 -0.001004
26.588859 -0.001004
26.595387 -0.000576
26.601915 -0.000943
26.608443 -0.001187
26.614971 -0.000943
26.621500 -0.000820
26.628028 -0.000759
26.634556 -0.000820
26.641084 -0.000820
26.647612 -0.000943
26.654140 -0.001004
26.660668 -0.000943
26.667197 -0.000515
26.673725 -0.000393
26.680253 -0.000332
26.686781 -0.000576
26.693309 -0.000149
26.699837 -0.000149
26.706365 -0.000332
26.712894 0.000156
26.719422 0.000034
26.725950 -0.000027
26.732478 -0.000027
26.739006 -0.000149
26.745534 -0.000149
26.752063 -0.000393
26.758591 0.000217
26.765119 0.000400
26.771647 0.000217
26.778175 -0.000515
26.784703 -0.000515
26.791231 -0.000332
26.797760 -0.000332
26.804288 -0.000332
26.810816 -0.000210
26.817344 0.000034
26.823872 -0.000210
26.830400 0.000156
26.836928 -0.000027
26.843457 -0.000027
26.849985 0.000217
26.856513 0.000522
26.863041 0.000766
26.869569 0.000705
26.876097 0.000889
26.882625 0.000766
26.889154 0.001011
26.895682 0.000889
26.902210 0.000644
26.908738 0.000889
26.915266 0.000827
26.921794 0.001072
26.928322 0.001072
26.934851 0.001072
26.941379 0.000826
26.947907 0.000826
26.954435 0.000949
26.960963 0.000704
26.967491 0.000338
26.974019 0.000338
26.980548 0.000704
26.987076 0.000704
26.993604 0.000521
27.000132 0.000460
27.006660 0.000521
27.013188 0.000888
27.019716 0.000643
27.026245 0.000643
27.032773 0.000704
27.039301 0.000704
27.045829 0.000888
27.052357 0.000949
27.058885 0.000643
27.065413 0.000704
27.071942 0.000277
27.078470 0.000643
27.084998 0.000704
27.091526 0.000277
27.098054 0.000338
27.104582 0.000338
27.111111 0.000704
27.117639 0.000460
27.124167 0.000521
27.130695 0.000460
27.137223 -0.000028
27.143751 -0.000211
27.150279 -0.000272
27.156808 -0.000455
27.163336 -0.000272
27.169864 -0.000272
27.176392 -0.000089
27.182920 -0.000089
27.189448 -0.000211
27.195976 -0.000272
27.202505 -0.000272
27.209033 -0.000638
27.215561 -0.000577
27.222089 -0.000944
27.228617 -0.000944
27.235145 -0.000944
27.241673 -0.000638
27.248202 -0.000760
27.254730 -0.000638
27.261258 -0.000638
27.267786 -0.000272
27.274314 -0.000211
27.280842 0.000155
27.287370 0.000155
27.293899 -0.000089
27.300427 -0.000760
27.306955 -0.000638
27.313483 -0.000945
27.320011 -0.000822
27.326539 -0.001006
27.333067 -0.001006
27.339596 -0.000761
27.346124 -0.000578
27.352652 -0.000822
27.359180 -0.000761
27.365708 -0.000761
27.372236 -0.000761
27.378764 -0.000761
27.385293 -0.001128
27.391821 -0.001494
27.398349 -0.000945
27.404877 -0.000578
27.411405 -0.000456
27.417933 -0.000456
27.424461 -0.000639
27.430990 -0.000395
27.437518 -0.000273
27.444046 -0.000212
27.450574 -0.000212
27.457102 0.000276
27.463630 0.000093
27.470159 0.000093
27.476687 -0.000029
27.483215 -0.000090
27.489743 -0.000212
27.496271 -0.000212
27.502799 0.000093
27.509327 0.000093
27.515856 0.000093
27.522384 -0.000090
27.528912 0.000154
27.535440 0.000276
27.541968 -0.000273
27.548496 -0.000456
27.555024 -0.000090
27.561553 -0.000090
27.568081 0.000276
27.574609 -0.000090
27.581137 0.000093
27.587665 0.000642
27.594193 0.000948
27.600721 0.000642
27.607250 0.000825
27.613778 0.001070
27.620306 0.000887
27.626834 0.000887
27.633362 0.000642
27.639890 0.000459
27.646418 0.000642
27.652947 0.000825
27.659475 0.000887
27.666003 0.000825
27.672531 0.000520
27.679059 0.000886
27.685587 0.000947
27.692115 0.001130
27.698644 0.000886
27.705172 0.000458
27.711700 0.000458
27.718228 0.000824
27.724756 0.000275
27.731284 0.000092
27.737812 -0.000030
27.744341 0.000275
27.750869 0.000336
27.757397 0.000092
27.763925 0.000153
27.770453 0.000641
27.776981 0.000519
27.783509 0.000275
27.790038 0.000336
27.796566 0.000275
27.803094 0.000519
27.809622 0.000641
27.816150 0.000275
27.822678 0.000458
27.829207 0.000886
27.835735 0.000886
27.842263 0.000824
27.848791 0.000458
27.855319 0.000153
27.861847 0.000336
27.868375 0.000519
27.874904 0.000153
27.881432 -0.000213
27.887960 -0.000091
27.894488 -0.000213
27.901016 -0.000030
27.907544 -0.000213
27.914072 -0.000396
27.920601 -0.000213
27.927129 -0.000091
27.933657 -0.000457
27.940185 -0.000640
27.946713 -0.000579
27.953241 -0.000579
27.959769 -0.000457
27.966298 -0.000762
27.972826 -0.001007
27.979354 -0.000640
27.985882 -0.000762
27.992410 -0.000457
27.998938 -0.000030
28.005466 -0.000030
28.011995 -0.000091
28.018523 -0.000091
28.025051 -0.000213
28.031579 -0.000457
28.038107 -0.000457
28.044635 -0.000579
28.051163 -0.000641
28.057692 -0.000641
28.064220 -0.000824
28.070748 -0.001313
28.077276 -0.001130
28.083804 -0.001191
28.090332 -0.000763
28.096860 -0.001008
28.103389 -0.000947
28.109917 -0.001008
28.116445 -0.000947
28.122973 -0.001130
28.129501 -0.001130
28.136029 -0.001374
28.142557 -0.001008
28.149086 -0.000763
28.155614 -0.000580
28.162142 -0.000458
28.168670 -0.000275
28.175198 -0.000214
28.181726 -0.000214
28.188255 -0.000275
28.194783 -0.000458
28.201311 -0.000031
28.207839 -0.000092
28.214367 -0.000092
28.220895 0.000091
28.227423 0.000091
28.233952 0.000091
28.240480 -0.000092
28.247008 -0.000031
28.253536 -0.000092
28.260064 -0.000092
28.266592 0.000152
28.273120 0.000152
28.279649 -0.000031
28.286177 0.000091
28.292705 0.000152
28.299233 0.000335
28.305761 -0.000092
28.312289 -0.000092
28.318817 -0.000458
28.325346 -0.000031
28.331874 0.000152
28.338402 0.000335
28.344930 0.000640
28.351458 0.000457
28.357986 0.000335
28.364514 0.000701
28.371043 0.000885
28.377571 0.000885
28.384099 0.001251
28.390627 0.001068
28.397155 0.000823
28.403683 0.000640
28.410211 0.000640
28.416740 0.000822
28.423268 0.000700
28.429796 0.000822
28.436324 0.001067
28.442852 0.000945
28.449380 0.000945
28.455908 0.000884
28.462437 0.000700
28.468965 0.000639
28.475493 0.000090
28.482021 -0.000276
28.488549 -0.000032
28.495077 0.000334
28.501605 0.000273
28.508134 0.000456
28.514662 0.000822
28.521190 0.000334
28.527718 0.000639
28.534246 0.000700
28.540774 0.000517
28.547303 0.000334
28.553831 0.000517
28.560359 0.000456
28.566887 0.000090
28.573415 -0.000032
28.579943 0.000273
28.586471 0.000517
28.593000 0.000334
28.599528 0.000822
28.606056 0.000945
28.612584 0.000700
28.619112 0.000517
28.625640 0.000090
28.632168 -0.000398
28.638697 -0.000825
28.645225 -0.000825
28.651753 -0.000764
28.658281 -0.000764
28.664809 -0.000459
28.671337 -0.000398
28.677865 -0.000642
28.684394 -0.000459
28.690922 -0.000459
28.697450 -0.000459
28.703978 -0.000764
28.710506 -0.001131
28.717034 -0.001009
28.723562 -0.000764
28.730091 -0.001009
28.736619 -0.001131
28.743147 -0.000948
28.749675 -0.000459
28.756203 -0.000276
28.762731 -0.000093
28.769259 -0.000093
28.775788 -0.000398
28.782316 -0.000765
28.788844 -0.000765
28.795372 -0.001132
28.801900 -0.001376
28.808428 -0.001193
28.814956 -0.001010
28.821485 -0.000643
28.828013 -0.000826
28.834541 -0.000826
28.841069 -0.000399
28.847597 -0.000216
28.854125 -0.000277
28.860653 -0.000643
28.867182 -0.000949
28.873710 -0.001193
28.880238 -0.001010
28.886766 -0.000949
28.893294 -0.000765
28.899822 -0.000643
28.906351 -0.000460
28.912879 -0.000460
28.919407 -0.000094
28.925935 -0.000094
28.932463 -0.000216
28.938991 -0.000216
28.945519 -0.000216
28.952048 -0.000338
28.958576 -0.000155
28.965104 0.000028
28.971632 -0.000033
28.978160 0.000028
28.984688 0.000516
28.991216 0.000028
28.997745 0.000150
29.004273 0.000272
29.010801 0.000272
29.017329 0.000150
29.023857 0.000089
29.030385 -0.000277
29.036913 -0.000277
29.043442 -0.000460
29.049970 -0.000765
29.056498 -0.000704
29.063026 0.000150
29.069554 0.000394
29.076082 0.000333
29.082610 0.000699
29.089139 0.000455
29.095667 0.000333
29.102195 0.000333
29.108723 0.000333
29.115251 0.000333
29.121779 0.000333
29.128307 0.000699
29.134836 0.000638
29.141364 0.000699
29.147892 0.000821
29.154420 0.000820
29.160948 0.000820
29.167476 0.000943
29.174004 0.000820
29.180533 0.000882
29.187061 0.000637
29.193589 0.000515
29.200117 0.000698
29.206645 0.000820
29.213173 0.000820
29.219701 0.000515
29.226230 0.000637
29.232758 0.000088
29.239286 0.000271
29.245814 0.000088
29.252342 0.000149
29.258870 0.000332
29.265399 0.000271
29.271927 -0.000034
29.278455 -0.000095
29.284983 0.000271
29.291511 0.000698
29.298039 0.000698
29.304567 0.000820
29.311096 0.000820
29.317624 0.000271
29.324152 0.000332
29.330680 0.000637
29.337208 0.000149
29.343736 0.000271
29.350264 0.000698
29.356793 0.000454
29.363321 0.000332
29.369849 0.000637
29.376377 0.000637
29.382905 -0.000278
29.389433 -0.000766
29.395961 -0.000766
29.402490 -0.000766
29.409018 -0.000827
29.415546 -0.000583
29.422074 -0.000827
29.428602 -0.000766
29.435130 -0.000766
29.441658 -0.000766
29.448187 -0.001011
29.454715 -0.000766
29.461243 -0.000583
29.467771 -0.000583
29.474299 -0.000766
29.480827 -0.000827
29.487355 -0.000278
29.493884 -0.000583
29.500412 -0.000827
29.506940 -0.000950
29.513468 -0.000461
29.519996 -0.000035
29.526524 -0.000096
29.533052 -0.000462
29.539581 -0.000096
29.546109 -0.000584
29.552637 -0.000767
29.559165 -0.000951
29.565693 -0.000828
29.572221 -0.000645
29.578749 -0.000462
29.585278 -0.000401
29.591806 -0.000767
29.598334 -0.000645
29.604862 -0.000767
29.611390 -0.000584
29.617918 -0.000584
29.624447 -0.000767
29.630975 -0.000951
29.637503 -0.001195
29.644031 -0.001073
29.650559 -0.000767
29.657087 -0.000340
29.663615 -0.000218
29.670144 -0.000035
29.676672 0.000209
29.683200 0.000026
29.689728 -0.000218
29.696256 -0.000218
29.702784 0.000331
29.709312 0.000026
29.715841 0.000148
29.722369 0.000209
29.728897 0.000209
29.735425 0.000697
29.741953 0.000575
29.748481 0.000209
29.755009 0.000636
29.761538 0.000819
