0.000 -0.000049
0.005 -0.000028
0.010 -0.000007
0.015 0.000014
0.020 0.000035
0.025 0.000057
0.030 0.000078
0.035 0.000100
0.040 0.000121
0.045 0.000141
0.050 0.000161
0.055 0.000181
0.060 0.000201
0.065 0.000221
0.070 0.000240
0.075 0.000258
0.080 0.000275
0.085 0.000293
0.090 0.000310
0.095 0.000323
0.100 0.000337
0.105 0.000352
0.110 0.000366
0.115 0.000379
0.120 0.000392
0.125 0.000405
0.130 0.000416
0.135 0.000427
0.140 0.000436
0.145 0.000444
0.150 0.000452
0.155 0.000459
0.160 0.000465
0.165 0.000470
0.170 0.000474
0.175 0.000477
0.180 0.000480
0.185 0.000481
0.190 0.000481
0.195 0.000481
0.200 0.000478
0.205 0.000474
0.210 0.000469
0.215 0.000462
0.220 0.000454
0.225 0.000446
0.230 0.000438
0.235 0.000430
0.240 0.000421
0.245 0.000411
0.250 0.000399
0.255 0.000387
0.260 0.000375
0.265 0.000362
0.270 0.000348
0.275 0.000335
0.280 0.000321
0.285 0.000306
0.290 0.000292
0.295 0.000277
0.300 0.000261
0.305 0.000244
0.310 0.000227
0.315 0.000211
0.320 0.000194
0.325 0.000177
0.330 0.000160
0.335 0.000143
0.340 0.000124
0.345 0.000104
0.350 0.000084
0.355 0.000064
0.360 0.000045
0.365 0.000025
0.370 0.000005
0.375 -0.000014
0.380 -0.000033
0.385 -0.000051
0.390 -0.000067
0.395 -0.000086
0.400 -0.000105
0.405 -0.000123
0.410 -0.000142
0.415 -0.000161
0.420 -0.000180
0.425 -0.000198
0.430 -0.000217
0.435 -0.000235
0.440 -0.000253
0.445 -0.000270
0.450 -0.000288
0.455 -0.000305
0.460 -0.000320
0.465 -0.000335
0.470 -0.000349
0.475 -0.000361
0.480 -0.000373
0.485 -0.000384
0.490 -0.000393
0.495 -0.000403
0.500 -0.000413
0.505 -0.000422
0.510 -0.000431
0.515 -0.000438
0.520 -0.000445
0.525 -0.000451
0.530 -0.000455
0.535 -0.000458
0.540 -0.000460
0.545 -0.000462
0.550 -0.000462
0.555 -0.000461
0.560 -0.000459
0.565 -0.000457
0.570 -0.000454
0.575 -0.000451
0.580 -0.000447
0.585 -0.000443
0.590 -0.000437
0.595 -0.000430
0.600 -0.000424
0.605 -0.000416
0.610 -0.000408
0.615 -0.000399
0.620 -0.000390
0.625 -0.000380
0.630 -0.000369
0.635 -0.000358
0.640 -0.000345
0.645 -0.000332
0.650 -0.000318
0.655 -0.000303
0.660 -0.000288
0.665 -0.000273
0.670 -0.000257
0.675 -0.000241
0.680 -0.000227
0.685 -0.000211
0.690 -0.000194
0.695 -0.000178
0.700 -0.000161
0.705 -0.000143
0.710 -0.000125
0.715 -0.000106
0.720 -0.000087
0.725 -0.000068
0.730 -0.000049
0.735 -0.000029
0.740 -0.000010
0.745 0.000009
0.750 0.000028
0.755 0.000046
0.760 0.000064
0.765 0.000082
0.770 0.000098
0.775 0.000114
0.780 0.000128
0.785 0.000142
0.790 0.000158
0.795 0.000173
0.800 0.000189
0.805 0.000205
0.810 0.000221
0.815 0.000236
0.820 0.000251
0.825 0.000265
0.830 0.000278
0.835 0.000289
0.840 0.000299
0.845 0.000309
0.850 0.000317
0.855 0.000326
0.860 0.000334
0.865 0.000343
0.870 0.000351
0.875 0.000359
0.880 0.000365
0.885 0.000373
0.890 0.000379
0.895 0.000385
0.900 0.000390
0.905 0.000394
0.910 0.000397
0.915 0.000399
0.920 0.000400
0.925 0.000400
0.930 0.000399
0.935 0.000398
0.940 0.000398
0.945 0.000397
0.950 0.000395
0.955 0.000394
0.960 0.000392
0.965 0.000390
0.970 0.000387
0.975 0.000383
0.980 0.000379
0.985 0.000373
0.990 0.000366
0.995 0.000358
1.000 0.000350
1.005 0.000342
1.010 0.000333
1.015 0.000324
1.020 0.000313
1.025 0.000303
1.030 0.000292
1.035 0.000280
1.040 0.000268
1.045 0.000255
1.050 0.000241
1.055 0.000226
1.060 0.000211
1.065 0.000195
1.070 0.000179
1.075 0.000166
1.080 0.000150
1.085 0.000133
1.090 0.000116
1.095 0.000099
1.100 0.000081
1.105 0.000062
1.110 0.000043
1.115 0.000024
1.120 0.000006
1.125 -0.000013
1.130 -0.000031
1.135 -0.000049
1.140 -0.000068
1.145 -0.000087
1.150 -0.000106
1.155 -0.000125
1.160 -0.000144
1.165 -0.000163
1.170 -0.000181
1.175 -0.000197
1.180 -0.000214
1.185 -0.000232
1.190 -0.000249
1.195 -0.000267
1.200 -0.000283
1.205 -0.000299
1.210 -0.000314
1.215 -0.000328
1.220 -0.000341
1.225 -0.000353
1.230 -0.000365
1.235 -0.000376
1.240 -0.000387
1.245 -0.000397
1.250 -0.000406
1.255 -0.000414
1.260 -0.000421
1.265 -0.000427
1.270 -0.000433
1.275 -0.000439
1.280 -0.000444
1.285 -0.000447
1.290 -0.000450
1.295 -0.000451
1.300 -0.000452
1.305 -0.000452
1.310 -0.000451
1.315 -0.000449
1.320 -0.000447
1.325 -0.000444
1.330 -0.000440
1.335 -0.000436
1.340 -0.000431
1.345 -0.000425
1.350 -0.000418
1.355 -0.000410
1.360 -0.000401
1.365 -0.000391
1.370 -0.000382
1.375 -0.000370
1.380 -0.000357
1.385 -0.000344
1.390 -0.000330
1.395 -0.000316
1.400 -0.000301
1.405 -0.000284
1.410 -0.000268
1.415 -0.000251
1.420 -0.000234
1.425 -0.000217
1.430 -0.000199
1.435 -0.000181
1.440 -0.000162
1.445 -0.000143
1.450 -0.000123
1.455 -0.000104
1.460 -0.000085
1.465 -0.000066
1.470 -0.000050
1.475 -0.000031
1.480 -0.000011
1.485 0.000008
1.490 0.000027
1.495 0.000046
1.500 0.000065
1.505 0.000083
1.510 0.000102
1.515 0.000120
1.520 0.000136
1.525 0.000152
1.530 0.000168
1.535 0.000184
1.540 0.000199
1.545 0.000215
1.550 0.000229
1.555 0.000244
1.560 0.000259
1.565 0.000270
1.570 0.000284
1.575 0.000297
1.580 0.000310
1.585 0.000322
1.590 0.000333
1.595 0.000344
1.600 0.000354
1.605 0.000364
1.610 0.000372
1.615 0.000380
1.620 0.000388
1.625 0.000395
1.630 0.000402
1.635 0.000408
1.640 0.000413
1.645 0.000418
1.650 0.000422
1.655 0.000425
1.660 0.000427
1.665 0.000427
1.670 0.000427
1.675 0.000425
1.680 0.000423
1.685 0.000420
1.690 0.000415
1.695 0.000410
1.700 0.000405
1.705 0.000399
1.710 0.000392
1.715 0.000385
1.720 0.000377
1.725 0.000369
1.730 0.000360
1.735 0.000350
1.740 0.000339
1.745 0.000327
1.750 0.000315
1.755 0.000302
1.760 0.000289
1.765 0.000277
1.770 0.000263
1.775 0.000248
1.780 0.000234
1.785 0.000219
1.790 0.000204
1.795 0.000189
1.800 0.000174
1.805 0.000158
1.810 0.000142
1.815 0.000125
1.820 0.000108
1.825 0.000091
1.830 0.000073
1.835 0.000055
1.840 0.000038
1.845 0.000020
1.850 0.000003
1.855 -0.000014
1.860 -0.000029
1.865 -0.000046
1.870 -0.000062
1.875 -0.000079
1.880 -0.000095
1.885 -0.000112
1.890 -0.000128
1.895 -0.000144
1.900 -0.000161
1.905 -0.000177
1.910 -0.000193
1.915 -0.000208
1.920 -0.000223
1.925 -0.000238
1.930 -0.000253
1.935 -0.000267
1.940 -0.000280
1.945 -0.000292
1.950 -0.000304
1.955 -0.000313
1.960 -0.000321
1.965 -0.000330
1.970 -0.000339
1.975 -0.000347
1.980 -0.000354
1.985 -0.000361
1.990 -0.000367
1.995 -0.000372
2.000 -0.000377
2.005 -0.000380
2.010 -0.000383
2.015 -0.000385
2.020 -0.000386
2.025 -0.000386
2.030 -0.000386
2.035 -0.000385
2.040 -0.000384
2.045 -0.000383
2.050 -0.000381
2.055 -0.000379
2.060 -0.000376
2.065 -0.000373
2.070 -0.000370
2.075 -0.000366
2.080 -0.000361
2.085 -0.000356
2.090 -0.000350
2.095 -0.000343
2.100 -0.000336
2.105 -0.000328
2.110 -0.000320
2.115 -0.000311
2.120 -0.000302
2.125 -0.000291
2.130 -0.000281
2.135 -0.000271
2.140 -0.000260
2.145 -0.000249
2.150 -0.000238
2.155 -0.000228
2.160 -0.000217
2.165 -0.000205
2.170 -0.000192
2.175 -0.000179
2.180 -0.000164
2.185 -0.000150
2.190 -0.000135
2.195 -0.000120
2.200 -0.000105
2.205 -0.000090
2.210 -0.000074
2.215 -0.000059
2.220 -0.000044
2.225 -0.000029
2.230 -0.000013
2.235 0.000003
2.240 0.000020
2.245 0.000036
2.250 0.000051
2.255 0.000066
2.260 0.000083
2.265 0.000099
2.270 0.000116
2.275 0.000132
2.280 0.000148
2.285 0.000164
2.290 0.000178
2.295 0.000193
2.300 0.000208
2.305 0.000222
2.310 0.000237
2.315 0.000250
2.320 0.000264
2.325 0.000277
2.330 0.000291
2.335 0.000304
2.340 0.000317
2.345 0.000328
2.350 0.000337
2.355 0.000348
2.360 0.000357
2.365 0.000366
2.370 0.000375
2.375 0.000382
2.380 0.000388
2.385 0.000393
2.390 0.000399
2.395 0.000403
2.400 0.000407
2.405 0.000410
2.410 0.000413
2.415 0.000414
2.420 0.000415
2.425 0.000415
2.430 0.000415
2.435 0.000413
2.440 0.000411
2.445 0.000408
2.450 0.000405
2.455 0.000400
2.460 0.000394
2.465 0.000387
2.470 0.000380
2.475 0.000371
2.480 0.000362
2.485 0.000353
2.490 0.000342
2.495 0.000332
2.500 0.000320
2.505 0.000308
2.510 0.000294
2.515 0.000280
2.520 0.000265
2.525 0.000249
2.530 0.000232
2.535 0.000215
2.540 0.000198
2.545 0.000183
2.550 0.000166
2.555 0.000148
2.560 0.000129
2.565 0.000111
2.570 0.000091
2.575 0.000071
2.580 0.000052
2.585 0.000033
2.590 0.000013
2.595 -0.000006
2.600 -0.000025
2.605 -0.000043
2.610 -0.000062
2.615 -0.000081
2.620 -0.000100
2.625 -0.000118
2.630 -0.000136
2.635 -0.000153
2.640 -0.000170
2.645 -0.000185
2.650 -0.000200
2.655 -0.000215
2.660 -0.000230
2.665 -0.000245
2.670 -0.000259
2.675 -0.000273
2.680 -0.000286
2.685 -0.000298
2.690 -0.000309
2.695 -0.000319
2.700 -0.000329
2.705 -0.000338
2.710 -0.000345
2.715 -0.000352
2.720 -0.000359
2.725 -0.000365
2.730 -0.000370
2.735 -0.000376
2.740 -0.000380
2.745 -0.000383
2.750 -0.000387
2.755 -0.000390
2.760 -0.000391
2.765 -0.000391
2.770 -0.000391
2.775 -0.000390
2.780 -0.000388
2.785 -0.000386
2.790 -0.000384
2.795 -0.000381
2.800 -0.000377
2.805 -0.000373
2.810 -0.000368
2.815 -0.000363
2.820 -0.000356
2.825 -0.000349
2.830 -0.000342
2.835 -0.000334
2.840 -0.000327
2.845 -0.000318
2.850 -0.000308
2.855 -0.000296
2.860 -0.000285
2.865 -0.000273
2.870 -0.000262
2.875 -0.000250
2.880 -0.000238
2.885 -0.000225
2.890 -0.000212
2.895 -0.000199
2.900 -0.000186
2.905 -0.000172
2.910 -0.000158
2.915 -0.000143
2.920 -0.000128
2.925 -0.000113
2.930 -0.000098
2.935 -0.000083
2.940 -0.000070
2.945 -0.000055
2.950 -0.000041
2.955 -0.000026
2.960 -0.000011
2.965 0.000005
2.970 0.000020
2.975 0.000035
2.980 0.000050
2.985 0.000065
2.990 0.000080
2.995 0.000094
3.000 0.000109
3.005 0.000123
3.010 0.000138
3.015 0.000151
3.020 0.000164
3.025 0.000178
3.030 0.000191
3.035 0.000202
3.040 0.000214
3.045 0.000227
3.050 0.000238
3.055 0.000250
3.060 0.000261
3.065 0.000272
3.070 0.000282
3.075 0.000292
3.080 0.000302
3.085 0.000311
3.090 0.000320
3.095 0.000328
3.100 0.000335
3.105 0.000342
3.110 0.000348
3.115 0.000353
3.120 0.000357
3.125 0.000360
3.130 0.000363
3.135 0.000365
3.140 0.000367
3.145 0.000368
3.150 0.000369
3.155 0.000369
3.160 0.000369
3.165 0.000368
3.170 0.000366
3.175 0.000365
3.180 0.000362
3.185 0.000358
3.190 0.000354
3.195 0.000349
3.200 0.000343
3.205 0.000336
3.210 0.000329
3.215 0.000320
3.220 0.000311
3.225 0.000301
3.230 0.000292
3.235 0.000282
3.240 0.000271
3.245 0.000259
3.250 0.000248
3.255 0.000236
3.260 0.000224
3.265 0.000211
3.270 0.000197
3.275 0.000183
3.280 0.000169
3.285 0.000155
3.290 0.000140
3.295 0.000126
3.300 0.000111
3.305 0.000096
3.310 0.000081
3.315 0.000065
3.320 0.000049
3.325 0.000035
3.330 0.000022
3.335 0.000006
3.340 -0.000009
3.345 -0.000023
3.350 -0.000038
3.355 -0.000053
3.360 -0.000068
3.365 -0.000083
3.370 -0.000098
3.375 -0.000113
3.380 -0.000127
3.385 -0.000142
3.390 -0.000157
3.395 -0.000170
3.400 -0.000184
3.405 -0.000197
3.410 -0.000210
3.415 -0.000222
3.420 -0.000234
3.425 -0.000246
3.430 -0.000255
3.435 -0.000267
3.440 -0.000278
3.445 -0.000289
3.450 -0.000299
3.455 -0.000309
3.460 -0.000317
3.465 -0.000325
3.470 -0.000332
3.475 -0.000339
3.480 -0.000345
3.485 -0.000350
3.490 -0.000354
3.495 -0.000358
3.500 -0.000361
3.505 -0.000363
3.510 -0.000365
3.515 -0.000366
3.520 -0.000367
3.525 -0.000367
3.530 -0.000367
3.535 -0.000366
3.540 -0.000365
3.545 -0.000363
3.550 -0.000360
3.555 -0.000356
3.560 -0.000352
3.565 -0.000346
3.570 -0.000340
3.575 -0.000334
3.580 -0.000327
3.585 -0.000320
3.590 -0.000312
3.595 -0.000303
3.600 -0.000295
3.605 -0.000286
3.610 -0.000276
3.615 -0.000266
3.620 -0.000255
3.625 -0.000245
3.630 -0.000234
3.635 -0.000222
3.640 -0.000210
3.645 -0.000197
3.650 -0.000184
3.655 -0.000170
3.660 -0.000156
3.665 -0.000142
3.670 -0.000127
3.675 -0.000111
3.680 -0.000095
3.685 -0.000080
3.690 -0.000065
3.695 -0.000049
3.700 -0.000033
3.705 -0.000016
3.710 0.000001
3.715 0.000018
3.720 0.000033
3.725 0.000049
3.730 0.000066
3.735 0.000084
3.740 0.000101
3.745 0.000117
3.750 0.000133
3.755 0.000149
3.760 0.000164
3.765 0.000179
3.770 0.000194
3.775 0.000208
3.780 0.000222
3.785 0.000235
3.790 0.000248
3.795 0.000262
3.800 0.000274
3.805 0.000286
3.810 0.000297
3.815 0.000307
3.820 0.000316
3.825 0.000324
3.830 0.000332
3.835 0.000339
3.840 0.000346
3.845 0.000353
3.850 0.000358
3.855 0.000362
3.860 0.000366
3.865 0.000369
3.870 0.000371
3.875 0.000372
3.880 0.000373
3.885 0.000373
3.890 0.000373
3.895 0.000371
3.900 0.000369
3.905 0.000367
3.910 0.000365
3.915 0.000361
3.920 0.000358
3.925 0.000354
3.930 0.000349
3.935 0.000343
3.940 0.000336
3.945 0.000329
3.950 0.000320
3.955 0.000310
3.960 0.000299
3.965 0.000288
3.970 0.000277
3.975 0.000266
3.980 0.000254
3.985 0.000242
3.990 0.000229
3.995 0.000216
4.000 0.000203
4.005 0.000188
4.010 0.000174
4.015 0.000162
4.020 0.000148
4.025 0.000134
4.030 0.000118
4.035 0.000102
4.040 0.000086
4.045 0.000069
4.050 0.000053
4.055 0.000037
4.060 0.000020
4.065 0.000004
4.070 -0.000012
4.075 -0.000027
4.080 -0.000042
4.085 -0.000057
4.090 -0.000071
4.095 -0.000086
4.100 -0.000101
4.105 -0.000115
4.110 -0.000129
4.115 -0.000141
4.120 -0.000154
4.125 -0.000168
4.130 -0.000181
4.135 -0.000193
4.140 -0.000206
4.145 -0.000217
4.150 -0.000228
4.155 -0.000239
4.160 -0.000248
4.165 -0.000258
4.170 -0.000267
4.175 -0.000275
4.180 -0.000283
4.185 -0.000291
4.190 -0.000298
4.195 -0.000305
4.200 -0.000311
4.205 -0.000317
4.210 -0.000322
4.215 -0.000327
4.220 -0.000331
4.225 -0.000335
4.230 -0.000337
4.235 -0.000339
4.240 -0.000341
4.245 -0.000341
4.250 -0.000342
4.255 -0.000341
4.260 -0.000341
4.265 -0.000340
4.270 -0.000338
4.275 -0.000336
4.280 -0.000333
4.285 -0.000330
4.290 -0.000326
4.295 -0.000322
4.300 -0.000317
4.305 -0.000312
4.310 -0.000306
4.315 -0.000300
4.320 -0.000292
4.325 -0.000284
4.330 -0.000275
4.335 -0.000266
4.340 -0.000257
4.345 -0.000247
4.350 -0.000238
4.355 -0.000229
4.360 -0.000219
4.365 -0.000209
4.370 -0.000198
4.375 -0.000186
4.380 -0.000175
4.385 -0.000163
4.390 -0.000151
4.395 -0.000138
4.400 -0.000125
4.405 -0.000112
4.410 -0.000102
4.415 -0.000089
4.420 -0.000075
4.425 -0.000062
4.430 -0.000049
4.435 -0.000036
4.440 -0.000023
4.445 -0.000010
4.450 0.000004
4.455 0.000018
4.460 0.000031
4.465 0.000045
4.470 0.000059
4.475 0.000073
4.480 0.000087
4.485 0.000101
4.490 0.000115
4.495 0.000127
4.500 0.000140
4.505 0.000150
4.510 0.000161
4.515 0.000172
4.520 0.000184
4.525 0.000195
4.530 0.000207
4.535 0.000217
4.540 0.000228
4.545 0.000238
4.550 0.000249
4.555 0.000259
4.560 0.000269
4.565 0.000278
4.570 0.000286
4.575 0.000294
4.580 0.000302
4.585 0.000308
4.590 0.000314
4.595 0.000318
4.600 0.000323
4.605 0.000326
4.610 0.000330
4.615 0.000333
4.620 0.000336
4.625 0.000338
4.630 0.000340
4.635 0.000340
4.640 0.000341
4.645 0.000340
4.650 0.000340
4.655 0.000339
4.660 0.000336
4.665 0.000334
4.670 0.000330
4.675 0.000326
4.680 0.000321
4.685 0.000316
4.690 0.000311
4.695 0.000304
4.700 0.000298
4.705 0.000291
4.710 0.000283
4.715 0.000274
4.720 0.000264
4.725 0.000254
4.730 0.000243
4.735 0.000231
4.740 0.000220
4.745 0.000208
4.750 0.000195
4.755 0.000182
4.760 0.000169
4.765 0.000156
4.770 0.000142
4.775 0.000128
4.780 0.000114
4.785 0.000100
4.790 0.000084
4.795 0.000068
4.800 0.000053
4.805 0.000039
4.810 0.000023
4.815 0.000007
4.820 -0.000009
4.825 -0.000025
4.830 -0.000042
4.835 -0.000058
4.840 -0.000073
4.845 -0.000088
4.850 -0.000103
4.855 -0.000118
4.860 -0.000133
4.865 -0.000147
4.870 -0.000162
4.875 -0.000176
4.880 -0.000189
4.885 -0.000203
4.890 -0.000216
4.895 -0.000229
4.900 -0.000239
4.905 -0.000252
4.910 -0.000263
4.915 -0.000274
4.920 -0.000284
4.925 -0.000294
4.930 -0.000303
4.935 -0.000312
4.940 -0.000319
4.945 -0.000326
4.950 -0.000334
4.955 -0.000339
4.960 -0.000344
4.965 -0.000350
4.970 -0.000354
4.975 -0.000357
4.980 -0.000360
4.985 -0.000361
4.990 -0.000362
4.995 -0.000363
5.000 -0.000362
5.005 -0.000361
5.010 -0.000358
5.015 -0.000355
5.020 -0.000352
5.025 -0.000348
5.030 -0.000343
5.035 -0.000337
5.040 -0.000331
5.045 -0.000324
5.050 -0.000317
5.055 -0.000309
5.060 -0.000300
5.065 -0.000290
5.070 -0.000280
5.075 -0.000269
5.080 -0.000258
5.085 -0.000246
5.090 -0.000234
5.095 -0.000223
5.100 -0.000212
5.105 -0.000199
5.110 -0.000186
5.115 -0.000174
5.120 -0.000161
5.125 -0.000148
5.130 -0.000134
5.135 -0.000121
5.140 -0.000108
5.145 -0.000094
5.150 -0.000081
5.155 -0.000067
5.160 -0.000052
5.165 -0.000038
5.170 -0.000024
5.175 -0.000010
5.180 0.000004
5.185 0.000018
5.190 0.000031
5.195 0.000043
5.200 0.000057
5.205 0.000070
5.210 0.000084
5.215 0.000097
5.220 0.000110
5.225 0.000123
5.230 0.000136
5.235 0.000148
5.240 0.000160
5.245 0.000171
5.250 0.000183
5.255 0.000194
5.260 0.000204
5.265 0.000215
5.270 0.000224
5.275 0.000233
5.280 0.000240
5.285 0.000248
5.290 0.000255
5.295 0.000261
5.300 0.000269
5.305 0.000276
5.310 0.000282
5.315 0.000288
5.320 0.000293
5.325 0.000297
5.330 0.000301
5.335 0.000304
5.340 0.000306
5.345 0.000307
5.350 0.000308
5.355 0.000309
5.360 0.000309
5.365 0.000309
5.370 0.000308
5.375 0.000307
5.380 0.000305
5.385 0.000304
5.390 0.000302
5.395 0.000300
5.400 0.000296
5.405 0.000292
5.410 0.000287
5.415 0.000283
5.420 0.000278
5.425 0.000272
5.430 0.000266
5.435 0.000260
5.440 0.000252
5.445 0.000245
5.450 0.000237
5.455 0.000230
5.460 0.000223
5.465 0.000214
5.470 0.000205
5.475 0.000195
5.480 0.000185
5.485 0.000176
5.490 0.000166
5.495 0.000155
5.500 0.000143
5.505 0.000132
5.510 0.000120
5.515 0.000107
5.520 0.000094
5.525 0.000080
5.530 0.000067
5.535 0.000053
5.540 0.000040
5.545 0.000026
5.550 0.000012
5.555 -0.000002
5.560 -0.000016
5.565 -0.000030
5.570 -0.000043
5.575 -0.000057
5.580 -0.000070
5.585 -0.000082
5.590 -0.000094
5.595 -0.000106
5.600 -0.000119
5.605 -0.000132
5.610 -0.000144
5.615 -0.000157
5.620 -0.000168
5.625 -0.000179
5.630 -0.000190
5.635 -0.000200
5.640 -0.000210
5.645 -0.000220
5.650 -0.000230
5.655 -0.000239
5.660 -0.000248
5.665 -0.000257
5.670 -0.000265
5.675 -0.000272
5.680 -0.000278
5.685 -0.000284
5.690 -0.000291
5.695 -0.000297
5.700 -0.000302
5.705 -0.000306
5.710 -0.000310
5.715 -0.000313
5.720 -0.000316
5.725 -0.000319
5.730 -0.000321
5.735 -0.000322
5.740 -0.000322
5.745 -0.000323
5.750 -0.000322
5.755 -0.000321
5.760 -0.000319
5.765 -0.000316
5.770 -0.000313
5.775 -0.000309
5.780 -0.000305
5.785 -0.000300
5.790 -0.000295
5.795 -0.000288
5.800 -0.000282
5.805 -0.000274
5.810 -0.000266
5.815 -0.000257
5.820 -0.000248
5.825 -0.000239
5.830 -0.000230
5.835 -0.000220
5.840 -0.000210
5.845 -0.000199
5.850 -0.000188
5.855 -0.000177
5.860 -0.000165
5.865 -0.000153
5.870 -0.000141
5.875 -0.000129
5.880 -0.000118
5.885 -0.000106
5.890 -0.000094
5.895 -0.000081
5.900 -0.000069
5.905 -0.000056
5.910 -0.000042
5.915 -0.000029
5.920 -0.000016
5.925 -0.000002
5.930 0.000011
5.935 0.000024
5.940 0.000038
5.945 0.000051
5.950 0.000064
5.955 0.000077
5.960 0.000091
5.965 0.000104
5.970 0.000116
5.975 0.000126
5.980 0.000138
5.985 0.000149
5.990 0.000161
5.995 0.000172
6.000 0.000183
6.005 0.000194
6.010 0.000204
6.015 0.000214
6.020 0.000224
6.025 0.000234
6.030 0.000243
6.035 0.000251
6.040 0.000259
6.045 0.000267
6.050 0.000275
6.055 0.000282
6.060 0.000289
6.065 0.000295
6.070 0.000301
6.075 0.000304
6.080 0.000308
6.085 0.000311
6.090 0.000314
6.095 0.000315
6.100 0.000316
6.105 0.000317
6.110 0.000317
6.115 0.000317
6.120 0.000316
6.125 0.000314
6.130 0.000312
6.135 0.000310
6.140 0.000307
6.145 0.000303
6.150 0.000299
6.155 0.000294
6.160 0.000288
6.165 0.000281
6.170 0.000274
6.175 0.000268
6.180 0.000259
6.185 0.000251
6.190 0.000242
6.195 0.000233
6.200 0.000224
6.205 0.000214
6.210 0.000204
6.215 0.000194
6.220 0.000183
6.225 0.000172
6.230 0.000160
6.235 0.000148
6.240 0.000136
6.245 0.000123
6.250 0.000109
6.255 0.000095
6.260 0.000080
6.265 0.000065
6.270 0.000051
6.275 0.000038
6.280 0.000024
6.285 0.000009
6.290 -0.000005
6.295 -0.000019
6.300 -0.000033
6.305 -0.000047
6.310 -0.000061
6.315 -0.000075
6.320 -0.000089
6.325 -0.000103
6.330 -0.000117
6.335 -0.000131
6.340 -0.000145
6.345 -0.000158
6.350 -0.000170
6.355 -0.000182
6.360 -0.000194
6.365 -0.000204
6.370 -0.000213
6.375 -0.000222
6.380 -0.000232
6.385 -0.000240
6.390 -0.000249
6.395 -0.000257
6.400 -0.000265
6.405 -0.000272
6.410 -0.000279
6.415 -0.000285
6.420 -0.000291
6.425 -0.000297
6.430 -0.000301
6.435 -0.000305
6.440 -0.000307
6.445 -0.000310
6.450 -0.000311
6.455 -0.000313
6.460 -0.000313
6.465 -0.000312
6.470 -0.000311
6.475 -0.000310
6.480 -0.000308
6.485 -0.000306
6.490 -0.000304
6.495 -0.000302
6.500 -0.000299
6.505 -0.000295
6.510 -0.000290
6.515 -0.000285
6.520 -0.000279
6.525 -0.000272
6.530 -0.000265
6.535 -0.000257
6.540 -0.000249
6.545 -0.000241
6.550 -0.000232
6.555 -0.000223
6.560 -0.000214
6.565 -0.000206
6.570 -0.000197
6.575 -0.000187
6.580 -0.000177
6.585 -0.000166
6.590 -0.000156
6.595 -0.000144
6.600 -0.000132
6.605 -0.000120
6.610 -0.000108
6.615 -0.000097
6.620 -0.000085
6.625 -0.000074
6.630 -0.000063
6.635 -0.000051
6.640 -0.000040
6.645 -0.000029
6.650 -0.000017
6.655 -0.000006
6.660 0.000004
6.665 0.000014
6.670 0.000025
6.675 0.000036
6.680 0.000047
6.685 0.000058
6.690 0.000069
6.695 0.000080
6.700 0.000090
6.705 0.000101
6.710 0.000111
6.715 0.000121
6.720 0.000131
6.725 0.000140
6.730 0.000149
6.735 0.000158
6.740 0.000167
6.745 0.000176
6.750 0.000185
6.755 0.000194
6.760 0.000202
6.765 0.000209
6.770 0.000217
6.775 0.000224
6.780 0.000231
6.785 0.000237
6.790 0.000243
6.795 0.000248
6.800 0.000254
6.805 0.000259
6.810 0.000264
6.815 0.000268
6.820 0.000272
6.825 0.000275
6.830 0.000277
6.835 0.000279
6.840 0.000281
6.845 0.000282
6.850 0.000283
6.855 0.000283
6.860 0.000282
6.865 0.000281
6.870 0.000279
6.875 0.000276
6.880 0.000273
6.885 0.000270
6.890 0.000267
6.895 0.000263
6.900 0.000260
6.905 0.000255
6.910 0.000250
6.915 0.000244
6.920 0.000237
6.925 0.000231
6.930 0.000224
6.935 0.000217
6.940 0.000209
6.945 0.000201
6.950 0.000193
6.955 0.000183
6.960 0.000176
6.965 0.000167
6.970 0.000157
6.975 0.000147
6.980 0.000137
6.985 0.000127
6.990 0.000116
6.995 0.000105
7.000 0.000094
7.005 0.000081
7.010 0.000068
7.015 0.000054
7.020 0.000040
7.025 0.000026
7.030 0.000012
7.035 -0.000002
7.040 -0.000016
7.045 -0.000031
7.050 -0.000045
7.055 -0.000056
7.060 -0.000069
7.065 -0.000082
7.070 -0.000096
7.075 -0.000109
7.080 -0.000122
7.085 -0.000135
7.090 -0.000148
7.095 -0.000160
7.100 -0.000173
7.105 -0.000185
7.110 -0.000196
7.115 -0.000207
7.120 -0.000218
7.125 -0.000227
7.130 -0.000236
7.135 -0.000244
7.140 -0.000252
7.145 -0.000259
7.150 -0.000266
7.155 -0.000272
7.160 -0.000278
7.165 -0.000284
7.170 -0.000289
7.175 -0.000294
7.180 -0.000299
7.185 -0.000303
7.190 -0.000307
7.195 -0.000309
7.200 -0.000312
7.205 -0.000313
7.210 -0.000313
7.215 -0.000313
7.220 -0.000313
7.225 -0.000312
7.230 -0.000310
7.235 -0.000308
7.240 -0.000306
7.245 -0.000303
7.250 -0.000300
7.255 -0.000297
7.260 -0.000293
7.265 -0.000287
7.270 -0.000282
7.275 -0.000275
7.280 -0.000268
7.285 -0.000260
7.290 -0.000251
7.295 -0.000242
7.300 -0.000232
7.305 -0.000222
7.310 -0.000211
7.315 -0.000201
7.320 -0.000190
7.325 -0.000179
7.330 -0.000167
7.335 -0.000155
7.340 -0.000143
7.345 -0.000130
7.350 -0.000120
7.355 -0.000107
7.360 -0.000094
7.365 -0.000080
7.370 -0.000067
7.375 -0.000054
7.380 -0.000042
7.385 -0.000029
7.390 -0.000016
7.395 -0.000003
7.400 0.000010
7.405 0.000022
7.410 0.000035
7.415 0.000047
7.420 0.000059
7.425 0.000072
7.430 0.000084
7.435 0.000096
7.440 0.000107
7.445 0.000118
7.450 0.000127
7.455 0.000137
7.460 0.000147
7.465 0.000156
7.470 0.000165
7.475 0.000174
7.480 0.000183
7.485 0.000192
7.490 0.000200
7.495 0.000209
7.500 0.000217
7.505 0.000224
7.510 0.000232
7.515 0.000239
7.520 0.000246
7.525 0.000253
7.530 0.000258
7.535 0.000263
7.540 0.000267
7.545 0.000271
7.550 0.000274
7.555 0.000276
7.560 0.000279
7.565 0.000280
7.570 0.000281
7.575 0.000281
7.580 0.000281
7.585 0.000280
7.590 0.000279
7.595 0.000277
7.600 0.000275
7.605 0.000272
7.610 0.000269
7.615 0.000265
7.620 0.000260
7.625 0.000255
7.630 0.000249
7.635 0.000242
7.640 0.000237
7.645 0.000231
7.650 0.000224
7.655 0.000217
7.660 0.000210
7.665 0.000202
7.670 0.000195
7.675 0.000187
7.680 0.000179
7.685 0.000171
7.690 0.000162
7.695 0.000154
7.700 0.000144
7.705 0.000135
7.710 0.000125
7.715 0.000115
7.720 0.000104
7.725 0.000093
7.730 0.000082
7.735 0.000071
7.740 0.000061
7.745 0.000051
7.750 0.000041
7.755 0.000030
7.760 0.000019
7.765 0.000007
7.770 -0.000004
7.775 -0.000016
7.780 -0.000028
7.785 -0.000040
7.790 -0.000052
7.795 -0.000064
7.800 -0.000076
7.805 -0.000088
7.810 -0.000099
7.815 -0.000109
7.820 -0.000120
7.825 -0.000130
7.830 -0.000141
7.835 -0.000151
7.840 -0.000159
7.845 -0.000168
7.850 -0.000177
7.855 -0.000186
7.860 -0.000194
7.865 -0.000202
7.870 -0.000211
7.875 -0.000219
7.880 -0.000226
7.885 -0.000233
7.890 -0.000239
7.895 -0.000244
7.900 -0.000249
7.905 -0.000253
7.910 -0.000256
7.915 -0.000260
7.920 -0.000263
7.925 -0.000266
7.930 -0.000268
7.935 -0.000269
7.940 -0.000271
7.945 -0.000272
7.950 -0.000273
7.955 -0.000274
7.960 -0.000275
7.965 -0.000275
7.970 -0.000274
7.975 -0.000272
7.980 -0.000270
7.985 -0.000267
7.990 -0.000263
7.995 -0.000260
8.000 -0.000256
8.005 -0.000252
8.010 -0.000248
8.015 -0.000244
8.020 -0.000239
8.025 -0.000233
8.030 -0.000227
8.035 -0.000221
8.040 -0.000213
8.045 -0.000205
8.050 -0.000197
8.055 -0.000188
8.060 -0.000179
8.065 -0.000170
8.070 -0.000160
8.075 -0.000150
8.080 -0.000139
8.085 -0.000128
8.090 -0.000117
8.095 -0.000106
8.100 -0.000095
8.105 -0.000084
8.110 -0.000073
8.115 -0.000062
8.120 -0.000051
8.125 -0.000040
8.130 -0.000029
8.135 -0.000018
8.140 -0.000006
8.145 0.000006
8.150 0.000018
8.155 0.000030
8.160 0.000042
8.165 0.000053
8.170 0.000064
8.175 0.000075
8.180 0.000087
8.185 0.000098
8.190 0.000108
8.195 0.000118
8.200 0.000128
8.205 0.000138
8.210 0.000147
8.215 0.000156
8.220 0.000166
8.225 0.000175
8.230 0.000183
8.235 0.000190
8.240 0.000198
8.245 0.000206
8.250 0.000213
8.255 0.000220
8.260 0.000227
8.265 0.000233
8.270 0.000239
8.275 0.000244
8.280 0.000250
8.285 0.000255
8.290 0.000259
8.295 0.000262
8.300 0.000265
8.305 0.000268
8.310 0.000270
8.315 0.000271
8.320 0.000272
8.325 0.000272
8.330 0.000272
8.335 0.000271
8.340 0.000269
8.345 0.000267
8.350 0.000265
8.355 0.000262
8.360 0.000259
8.365 0.000255
8.370 0.000251
8.375 0.000246
8.380 0.000240
8.385 0.000234
8.390 0.000227
8.395 0.000220
8.400 0.000213
8.405 0.000205
8.410 0.000197
8.415 0.000188
8.420 0.000179
8.425 0.000171
8.430 0.000164
8.435 0.000155
8.440 0.000146
8.445 0.000137
8.450 0.000126
8.455 0.000116
8.460 0.000106
8.465 0.000095
8.470 0.000084
8.475 0.000072
8.480 0.000060
8.485 0.000048
8.490 0.000036
8.495 0.000024
8.500 0.000012
8.505 0.000000
8.510 -0.000012
8.515 -0.000023
8.520 -0.000035
8.525 -0.000045
8.530 -0.000057
8.535 -0.000069
8.540 -0.000081
8.545 -0.000093
8.550 -0.000104
8.555 -0.000116
8.560 -0.000128
8.565 -0.000139
8.570 -0.000150
8.575 -0.000161
8.580 -0.000171
8.585 -0.000181
8.590 -0.000190
8.595 -0.000199
8.600 -0.000207
8.605 -0.000215
8.610 -0.000223
8.615 -0.000230
8.620 -0.000237
8.625 -0.000244
8.630 -0.000249
8.635 -0.000254
8.640 -0.000259
8.645 -0.000263
8.650 -0.000267
8.655 -0.000270
8.660 -0.000273
8.665 -0.000275
8.670 -0.000276
8.675 -0.000277
8.680 -0.000278
8.685 -0.000278
8.690 -0.000277
8.695 -0.000276
8.700 -0.000274
8.705 -0.000273
8.710 -0.000271
8.715 -0.000268
8.720 -0.000265
8.725 -0.000261
8.730 -0.000257
8.735 -0.000252
8.740 -0.000246
8.745 -0.000240
8.750 -0.000234
8.755 -0.000227
8.760 -0.000221
8.765 -0.000213
8.770 -0.000205
8.775 -0.000197
8.780 -0.000189
8.785 -0.000181
8.790 -0.000173
8.795 -0.000164
8.800 -0.000155
8.805 -0.000146
8.810 -0.000136
8.815 -0.000125
8.820 -0.000116
8.825 -0.000105
8.830 -0.000093
8.835 -0.000081
8.840 -0.000070
8.845 -0.000059
8.850 -0.000047
8.855 -0.000036
8.860 -0.000025
8.865 -0.000014
8.870 -0.000002
8.875 0.000009
8.880 0.000020
8.885 0.000031
8.890 0.000043
8.895 0.000054
8.900 0.000065
8.905 0.000076
8.910 0.000087
8.915 0.000097
8.920 0.000105
8.925 0.000114
8.930 0.000123
8.935 0.000131
8.940 0.000138
8.945 0.000146
8.950 0.000152
8.955 0.000159
8.960 0.000166
8.965 0.000173
8.970 0.000180
8.975 0.000186
8.980 0.000192
8.985 0.000197
8.990 0.000203
8.995 0.000208
9.000 0.000213
9.005 0.000217
9.010 0.000221
9.015 0.000224
9.020 0.000227
9.025 0.000230
9.030 0.000232
9.035 0.000235
9.040 0.000237
9.045 0.000238
9.050 0.000239
9.055 0.000240
9.060 0.000241
9.065 0.000241
9.070 0.000240
9.075 0.000239
9.080 0.000237
9.085 0.000235
9.090 0.000233
9.095 0.000230
9.100 0.000226
9.105 0.000222
9.110 0.000218
9.115 0.000213
9.120 0.000208
9.125 0.000203
9.130 0.000197
9.135 0.000192
9.140 0.000186
9.145 0.000179
9.150 0.000172
9.155 0.000165
9.160 0.000158
9.165 0.000151
9.170 0.000143
9.175 0.000135
9.180 0.000127
9.185 0.000118
9.190 0.000109
9.195 0.000100
9.200 0.000090
9.205 0.000080
9.210 0.000071
9.215 0.000063
9.220 0.000053
9.225 0.000044
9.230 0.000034
9.235 0.000025
9.240 0.000015
9.245 0.000005
9.250 -0.000005
9.255 -0.000015
9.260 -0.000026
9.265 -0.000036
9.270 -0.000047
9.275 -0.000057
9.280 -0.000067
9.285 -0.000077
9.290 -0.000087
9.295 -0.000097
9.300 -0.000108
9.305 -0.000118
9.310 -0.000127
9.315 -0.000137
9.320 -0.000146
9.325 -0.000156
9.330 -0.000166
9.335 -0.000175
9.340 -0.000185
9.345 -0.000194
9.350 -0.000203
9.355 -0.000211
9.360 -0.000219
9.365 -0.000226
9.370 -0.000233
9.375 -0.000239
9.380 -0.000244
9.385 -0.000249
9.390 -0.000253
9.395 -0.000257
9.400 -0.000261
9.405 -0.000264
9.410 -0.000266
9.415 -0.000268
9.420 -0.000270
9.425 -0.000271
9.430 -0.000271
9.435 -0.000271
9.440 -0.000270
9.445 -0.000269
9.450 -0.000268
9.455 -0.000265
9.460 -0.000263
9.465 -0.000259
9.470 -0.000256
9.475 -0.000252
9.480 -0.000248
9.485 -0.000243
9.490 -0.000238
9.495 -0.000233
9.500 -0.000227
9.505 -0.000221
9.510 -0.000214
9.515 -0.000207
9.520 -0.000199
9.525 -0.000192
9.530 -0.000184
9.535 -0.000175
9.540 -0.000166
9.545 -0.000157
9.550 -0.000147
9.555 -0.000137
9.560 -0.000126
9.565 -0.000115
9.570 -0.000104
9.575 -0.000093
9.580 -0.000082
9.585 -0.000070
9.590 -0.000058
9.595 -0.000046
9.600 -0.000034
9.605 -0.000024
9.610 -0.000012
9.615 0.000000
9.620 0.000013
9.625 0.000025
9.630 0.000037
9.635 0.000048
9.640 0.000060
9.645 0.000072
9.650 0.000084
9.655 0.000096
9.660 0.000107
9.665 0.000117
9.670 0.000128
9.675 0.000137
9.680 0.000146
9.685 0.000154
9.690 0.000162
9.695 0.000169
9.700 0.000176
9.705 0.000182
9.710 0.000188
9.715 0.000195
9.720 0.000201
9.725 0.000207
9.730 0.000212
9.735 0.000218
9.740 0.000223
9.745 0.000227
9.750 0.000230
9.755 0.000234
9.760 0.000237
9.765 0.000239
9.770 0.000241
9.775 0.000243
9.780 0.000244
9.785 0.000244
9.790 0.000245
9.795 0.000245
9.800 0.000244
9.805 0.000244
9.810 0.000243
9.815 0.000241
9.820 0.000239
9.825 0.000236
9.830 0.000233
9.835 0.000230
9.840 0.000227
9.845 0.000222
9.850 0.000217
9.855 0.000211
9.860 0.000205
9.865 0.000199
9.870 0.000192
9.875 0.000184
9.880 0.000177
9.885 0.000169
9.890 0.000161
9.895 0.000153
9.900 0.000147
9.905 0.000139
9.910 0.000130
9.915 0.000121
9.920 0.000112
9.925 0.000102
9.930 0.000092
9.935 0.000082
9.940 0.000071
9.945 0.000060
9.950 0.000050
9.955 0.000040
9.960 0.000030
9.965 0.000020
9.970 0.000010
9.975 -0.000000
9.980 -0.000010
9.985 -0.000020
9.990 -0.000030
9.995 -0.000038
10.000 -0.000047
10.005 -0.000056
10.010 -0.000066
10.015 -0.000075
10.020 -0.000084
10.025 -0.000094
10.030 -0.000103
10.035 -0.000111
10.040 -0.000120
10.045 -0.000129
10.050 -0.000138
10.055 -0.000146
10.060 -0.000154
10.065 -0.000162
10.070 -0.000170
10.075 -0.000177
10.080 -0.000185
10.085 -0.000192
10.090 -0.000199
10.095 -0.000205
10.100 -0.000210
10.105 -0.000216
10.110 -0.000220
10.115 -0.000225
10.120 -0.000229
10.125 -0.000233
10.130 -0.000237
10.135 -0.000240
10.140 -0.000242
10.145 -0.000244
10.150 -0.000245
10.155 -0.000246
10.160 -0.000246
10.165 -0.000245
10.170 -0.000244
10.175 -0.000243
10.180 -0.000242
10.185 -0.000239
10.190 -0.000237
10.195 -0.000235
10.200 -0.000233
10.205 -0.000230
10.210 -0.000227
10.215 -0.000222
10.220 -0.000217
10.225 -0.000213
10.230 -0.000207
10.235 -0.000201
10.240 -0.000195
10.245 -0.000190
10.250 -0.000184
10.255 -0.000178
10.260 -0.000172
10.265 -0.000165
10.270 -0.000157
10.275 -0.000149
10.280 -0.000141
10.285 -0.000133
10.290 -0.000126
10.295 -0.000118
10.300 -0.000109
10.305 -0.000100
10.310 -0.000091
10.315 -0.000081
10.320 -0.000072
10.325 -0.000063
10.330 -0.000054
10.335 -0.000043
10.340 -0.000033
10.345 -0.000023
10.350 -0.000013
10.355 -0.000003
10.360 0.000007
10.365 0.000018
10.370 0.000029
10.375 0.000040
10.380 0.000051
10.385 0.000061
10.390 0.000069
10.395 0.000079
10.400 0.000089
10.405 0.000098
10.410 0.000108
10.415 0.000117
10.420 0.000125
10.425 0.000134
10.430 0.000141
10.435 0.000149
10.440 0.000155
10.445 0.000162
10.450 0.000168
10.455 0.000174
10.460 0.000180
10.465 0.000185
10.470 0.000191
10.475 0.000196
10.480 0.000201
10.485 0.000204
10.490 0.000208
10.495 0.000212
10.500 0.000215
10.505 0.000217
10.510 0.000220
10.515 0.000223
10.520 0.000225
10.525 0.000227
10.530 0.000228
10.535 0.000229
10.540 0.000229
10.545 0.000229
10.550 0.000229
10.555 0.000229
10.560 0.000229
10.565 0.000227
10.570 0.000225
10.575 0.000223
10.580 0.000220
10.585 0.000217
10.590 0.000213
10.595 0.000209
10.600 0.000204
10.605 0.000199
10.610 0.000194
10.615 0.000188
10.620 0.000182
10.625 0.000175
10.630 0.000168
10.635 0.000161
10.640 0.000153
10.645 0.000145
10.650 0.000137
10.655 0.000128
10.660 0.000119
10.665 0.000110
10.670 0.000100
10.675 0.000090
10.680 0.000080
10.685 0.000071
10.690 0.000060
10.695 0.000050
10.700 0.000040
10.705 0.000029
10.710 0.000018
10.715 0.000008
10.720 -0.000002
10.725 -0.000012
10.730 -0.000022
10.735 -0.000032
10.740 -0.000042
10.745 -0.000052
10.750 -0.000061
10.755 -0.000071
10.760 -0.000080
10.765 -0.000090
10.770 -0.000099
10.775 -0.000108
10.780 -0.000116
10.785 -0.000125
10.790 -0.000133
10.795 -0.000142
10.800 -0.000151
10.805 -0.000159
10.810 -0.000166
10.815 -0.000173
10.820 -0.000181
10.825 -0.000188
10.830 -0.000196
10.835 -0.000203
10.840 -0.000209
10.845 -0.000216
10.850 -0.000222
10.855 -0.000227
10.860 -0.000232
10.865 -0.000236
10.870 -0.000239
10.875 -0.000242
10.880 -0.000244
10.885 -0.000245
10.890 -0.000246
10.895 -0.000246
10.900 -0.000246
10.905 -0.000247
10.910 -0.000247
10.915 -0.000246
10.920 -0.000244
10.925 -0.000242
10.930 -0.000239
10.935 -0.000236
10.940 -0.000232
10.945 -0.000227
10.950 -0.000221
10.955 -0.000216
10.960 -0.000210
10.965 -0.000204
10.970 -0.000197
10.975 -0.000191
10.980 -0.000185
10.985 -0.000178
10.990 -0.000171
10.995 -0.000165
11.000 -0.000158
11.005 -0.000151
11.010 -0.000143
11.015 -0.000135
11.020 -0.000126
11.025 -0.000117
11.030 -0.000108
11.035 -0.000099
11.040 -0.000089
11.045 -0.000080
11.050 -0.000071
11.055 -0.000061
11.060 -0.000052
11.065 -0.000042
11.070 -0.000033
11.075 -0.000025
11.080 -0.000016
11.085 -0.000006
11.090 0.000004
11.095 0.000014
11.100 0.000024
11.105 0.000035
11.110 0.000045
11.115 0.000056
11.120 0.000067
11.125 0.000078
11.130 0.000088
11.135 0.000097
11.140 0.000106
11.145 0.000115
11.150 0.000124
11.155 0.000132
11.160 0.000139
11.165 0.000146
11.170 0.000152
11.175 0.000158
11.180 0.000163
11.185 0.000169
11.190 0.000175
11.195 0.000181
11.200 0.000186
11.205 0.000191
11.210 0.000195
11.215 0.000199
11.220 0.000202
11.225 0.000205
11.230 0.000207
11.235 0.000209
11.240 0.000210
11.245 0.000211
11.250 0.000211
11.255 0.000211
11.260 0.000211
11.265 0.000211
11.270 0.000211
11.275 0.000211
11.280 0.000211
11.285 0.000210
11.290 0.000209
11.295 0.000207
11.300 0.000205
11.305 0.000202
11.310 0.000199
11.315 0.000196
11.320 0.000192
11.325 0.000188
11.330 0.000183
11.335 0.000178
11.340 0.000173
11.345 0.000168
11.350 0.000164
11.355 0.000158
11.360 0.000153
11.365 0.000147
11.370 0.000142
11.375 0.000135
11.380 0.000128
11.385 0.000121
11.390 0.000112
11.395 0.000104
11.400 0.000095
11.405 0.000086
11.410 0.000077
11.415 0.000067
11.420 0.000058
11.425 0.000049
11.430 0.000040
11.435 0.000031
11.440 0.000022
11.445 0.000013
11.450 0.000004
11.455 -0.000005
11.460 -0.000014
11.465 -0.000022
11.470 -0.000030
11.475 -0.000039
11.480 -0.000048
11.485 -0.000056
11.490 -0.000065
11.495 -0.000073
11.500 -0.000081
11.505 -0.000089
11.510 -0.000097
11.515 -0.000104
11.520 -0.000112
11.525 -0.000118
11.530 -0.000125
11.535 -0.000132
11.540 -0.000139
11.545 -0.000146
11.550 -0.000153
11.555 -0.000160
11.560 -0.000167
11.565 -0.000173
11.570 -0.000178
11.575 -0.000183
11.580 -0.000189
11.585 -0.000194
11.590 -0.000199
11.595 -0.000204
11.600 -0.000208
11.605 -0.000212
11.610 -0.000216
11.615 -0.000219
11.620 -0.000221
11.625 -0.000223
11.630 -0.000224
11.635 -0.000226
11.640 -0.000227
11.645 -0.000228
11.650 -0.000228
11.655 -0.000228
11.660 -0.000227
11.665 -0.000226
11.670 -0.000225
11.675 -0.000223
11.680 -0.000220
11.685 -0.000217
11.690 -0.000213
11.695 -0.000209
11.700 -0.000204
11.705 -0.000199
11.710 -0.000194
11.715 -0.000189
11.720 -0.000183
11.725 -0.000178
11.730 -0.000172
11.735 -0.000166
11.740 -0.000159
11.745 -0.000153
11.750 -0.000146
11.755 -0.000138
11.760 -0.000131
11.765 -0.000125
11.770 -0.000116
11.775 -0.000107
11.780 -0.000099
11.785 -0.000090
11.790 -0.000081
11.795 -0.000072
11.800 -0.000062
11.805 -0.000053
11.810 -0.000043
11.815 -0.000034
11.820 -0.000025
11.825 -0.000015
11.830 -0.000005
11.835 0.000006
11.840 0.000016
11.845 0.000026
11.850 0.000036
11.855 0.000047
11.860 0.000056
11.865 0.000066
11.870 0.000076
11.875 0.000087
11.880 0.000097
11.885 0.000107
11.890 0.000116
11.895 0.000124
11.900 0.000132
11.905 0.000141
11.910 0.000148
11.915 0.000155
11.920 0.000161
11.925 0.000168
11.930 0.000174
11.935 0.000180
11.940 0.000186
11.945 0.000191
11.950 0.000196
11.955 0.000200
11.960 0.000204
11.965 0.000208
11.970 0.000211
11.975 0.000213
11.980 0.000215
11.985 0.000216
11.990 0.000217
11.995 0.000217
12.000 0.000217
12.005 0.000217
12.010 0.000217
12.015 0.000216
12.020 0.000215
12.025 0.000214
12.030 0.000212
12.035 0.000211
12.040 0.000209
12.045 0.000206
12.050 0.000203
12.055 0.000199
12.060 0.000195
12.065 0.000190
12.070 0.000185
12.075 0.000180
12.080 0.000174
12.085 0.000168
12.090 0.000162
12.095 0.000156
12.100 0.000150
12.105 0.000143
12.110 0.000136
12.115 0.000129
12.120 0.000121
12.125 0.000113
12.130 0.000104
12.135 0.000095
12.140 0.000086
12.145 0.000075
12.150 0.000065
12.155 0.000057
12.160 0.000047
12.165 0.000037
12.170 0.000027
12.175 0.000017
12.180 0.000008
12.185 -0.000002
12.190 -0.000011
12.195 -0.000021
12.200 -0.000030
12.205 -0.000039
12.210 -0.000047
12.215 -0.000056
12.220 -0.000065
12.225 -0.000074
12.230 -0.000083
12.235 -0.000092
12.240 -0.000101
12.245 -0.000109
12.250 -0.000116
12.255 -0.000122
12.260 -0.000129
12.265 -0.000135
12.270 -0.000141
12.275 -0.000148
12.280 -0.000154
12.285 -0.000160
12.290 -0.000166
12.295 -0.000171
12.300 -0.000176
12.305 -0.000182
12.310 -0.000186
12.315 -0.000191
12.320 -0.000195
12.325 -0.000199
12.330 -0.000203
12.335 -0.000206
12.340 -0.000209
12.345 -0.000212
12.350 -0.000214
12.355 -0.000215
12.360 -0.000217
12.365 -0.000218
12.370 -0.000218
12.375 -0.000219
12.380 -0.000219
12.385 -0.000219
12.390 -0.000218
12.395 -0.000217
12.400 -0.000216
12.405 -0.000214
12.410 -0.000211
12.415 -0.000208
12.420 -0.000204
12.425 -0.000200
12.430 -0.000196
12.435 -0.000191
12.440 -0.000185
12.445 -0.000181
12.450 -0.000176
12.455 -0.000170
12.460 -0.000164
12.465 -0.000159
12.470 -0.000153
12.475 -0.000146
12.480 -0.000140
12.485 -0.000133
12.490 -0.000125
12.495 -0.000117
12.500 -0.000110
12.505 -0.000102
12.510 -0.000094
12.515 -0.000086
12.520 -0.000078
12.525 -0.000070
12.530 -0.000062
12.535 -0.000054
12.540 -0.000046
12.545 -0.000039
12.550 -0.000032
12.555 -0.000024
12.560 -0.000016
12.565 -0.000008
12.570 0.000000
12.575 0.000009
12.580 0.000018
12.585 0.000027
12.590 0.000036
12.595 0.000045
12.600 0.000054
12.605 0.000063
12.610 0.000072
12.615 0.000081
12.620 0.000090
12.625 0.000098
12.630 0.000105
12.635 0.000113
12.640 0.000120
12.645 0.000126
12.650 0.000132
12.655 0.000138
12.660 0.000144
12.665 0.000150
12.670 0.000156
12.675 0.000161
12.680 0.000167
12.685 0.000172
12.690 0.000176
12.695 0.000180
12.700 0.000183
12.705 0.000186
12.710 0.000189
12.715 0.000191
12.720 0.000193
12.725 0.000195
12.730 0.000196
12.735 0.000196
12.740 0.000197
12.745 0.000197
12.750 0.000196
12.755 0.000196
12.760 0.000195
12.765 0.000194
12.770 0.000192
12.775 0.000190
12.780 0.000188
12.785 0.000186
12.790 0.000183
12.795 0.000180
12.800 0.000177
12.805 0.000173
12.810 0.000169
12.815 0.000165
12.820 0.000160
12.825 0.000155
12.830 0.000151
12.835 0.000147
12.840 0.000142
12.845 0.000137
12.850 0.000131
12.855 0.000125
12.860 0.000119
12.865 0.000112
12.870 0.000104
12.875 0.000097
12.880 0.000088
12.885 0.000080
12.890 0.000071
12.895 0.000062
12.900 0.000053
12.905 0.000044
12.910 0.000035
12.915 0.000027
12.920 0.000018
12.925 0.000009
12.930 0.000000
12.935 -0.000007
12.940 -0.000016
12.945 -0.000024
12.950 -0.000034
12.955 -0.000043
12.960 -0.000052
12.965 -0.000061
12.970 -0.000070
12.975 -0.000078
12.980 -0.000087
12.985 -0.000095
12.990 -0.000102
12.995 -0.000110
13.000 -0.000117
13.005 -0.000125
13.010 -0.000132
13.015 -0.000139
13.020 -0.000145
13.025 -0.000151
13.030 -0.000158
13.035 -0.000164
13.040 -0.000169
13.045 -0.000175
13.050 -0.000180
13.055 -0.000185
13.060 -0.000190
13.065 -0.000195
13.070 -0.000198
13.075 -0.000201
13.080 -0.000204
13.085 -0.000207
13.090 -0.000210
13.095 -0.000212
13.100 -0.000214
13.105 -0.000215
13.110 -0.000216
13.115 -0.000217
13.120 -0.000218
13.125 -0.000218
13.130 -0.000218
13.135 -0.000217
13.140 -0.000216
13.145 -0.000214
13.150 -0.000212
13.155 -0.000209
13.160 -0.000206
13.165 -0.000202
13.170 -0.000198
13.175 -0.000193
13.180 -0.000188
13.185 -0.000183
13.190 -0.000177
13.195 -0.000171
13.200 -0.000165
13.205 -0.000158
13.210 -0.000152
13.215 -0.000145
13.220 -0.000137
13.225 -0.000129
13.230 -0.000121
13.235 -0.000115
13.240 -0.000107
13.245 -0.000099
13.250 -0.000091
13.255 -0.000082
13.260 -0.000073
13.265 -0.000064
13.270 -0.000055
13.275 -0.000046
13.280 -0.000037
13.285 -0.000029
13.290 -0.000020
13.295 -0.000011
13.300 -0.000003
13.305 0.000006
13.310 0.000015
13.315 0.000024
13.320 0.000032
13.325 0.000041
13.330 0.000049
13.335 0.000057
13.340 0.000066
13.345 0.000075
13.350 0.000084
13.355 0.000093
13.360 0.000101
13.365 0.000108
13.370 0.000114
13.375 0.000121
13.380 0.000129
13.385 0.000136
13.390 0.000141
13.395 0.000147
13.400 0.000152
13.405 0.000157
13.410 0.000161
13.415 0.000166
13.420 0.000170
13.425 0.000173
13.430 0.000176
13.435 0.000179
13.440 0.000181
13.445 0.000184
13.450 0.000185
13.455 0.000187
13.460 0.000188
13.465 0.000188
13.470 0.000189
13.475 0.000189
13.480 0.000188
13.485 0.000187
13.490 0.000186
13.495 0.000184
13.500 0.000182
13.505 0.000180
13.510 0.000177
13.515 0.000174
13.520 0.000172
13.525 0.000169
13.530 0.000165
13.535 0.000161
13.540 0.000157
13.545 0.000153
13.550 0.000149
13.555 0.000144
13.560 0.000139
13.565 0.000134
13.570 0.000129
13.575 0.000123
13.580 0.000118
13.585 0.000112
13.590 0.000105
13.595 0.000099
13.600 0.000092
13.605 0.000085
13.610 0.000078
13.615 0.000070
13.620 0.000063
13.625 0.000056
13.630 0.000048
13.635 0.000040
13.640 0.000032
13.645 0.000024
13.650 0.000015
13.655 0.000007
13.660 -0.000000
13.665 -0.000008
13.670 -0.000016
13.675 -0.000024
13.680 -0.000032
13.685 -0.000040
13.690 -0.000047
13.695 -0.000055
13.700 -0.000063
13.705 -0.000071
13.710 -0.000078
13.715 -0.000086
13.720 -0.000092
13.725 -0.000098
13.730 -0.000104
13.735 -0.000110
13.740 -0.000117
13.745 -0.000123
13.750 -0.000129
13.755 -0.000135
13.760 -0.000140
13.765 -0.000145
13.770 -0.000150
13.775 -0.000155
13.780 -0.000160
13.785 -0.000164
13.790 -0.000169
13.795 -0.000173
13.800 -0.000177
13.805 -0.000180
13.810 -0.000184
13.815 -0.000186
13.820 -0.000188
13.825 -0.000190
13.830 -0.000192
13.835 -0.000194
13.840 -0.000195
13.845 -0.000196
13.850 -0.000197
13.855 -0.000197
13.860 -0.000197
13.865 -0.000197
13.870 -0.000197
13.875 -0.000196
13.880 -0.000195
13.885 -0.000193
13.890 -0.000191
13.895 -0.000189
13.900 -0.000186
13.905 -0.000182
13.910 -0.000179
13.915 -0.000175
13.920 -0.000171
13.925 -0.000167
13.930 -0.000162
13.935 -0.000157
13.940 -0.000152
13.945 -0.000146
13.950 -0.000140
13.955 -0.000134
13.960 -0.000127
13.965 -0.000120
13.970 -0.000114
13.975 -0.000107
13.980 -0.000099
13.985 -0.000092
13.990 -0.000084
13.995 -0.000077
14.000 -0.000069
14.005 -0.000061
14.010 -0.000053
14.015 -0.000046
14.020 -0.000039
14.025 -0.000031
14.030 -0.000023
14.035 -0.000015
14.040 -0.000007
14.045 0.000002
14.050 0.000010
14.055 0.000018
14.060 0.000026
14.065 0.000035
14.070 0.000043
14.075 0.000051
14.080 0.000060
14.085 0.000068
14.090 0.000077
14.095 0.000085
14.100 0.000093
14.105 0.000101
14.110 0.000107
14.115 0.000113
14.120 0.000120
14.125 0.000126
14.130 0.000131
14.135 0.000137
14.140 0.000143
14.145 0.000148
14.150 0.000153
14.155 0.000158
14.160 0.000162
14.165 0.000167
14.170 0.000171
14.175 0.000174
14.180 0.000178
14.185 0.000180
14.190 0.000182
14.195 0.000184
14.200 0.000185
14.205 0.000186
14.210 0.000187
14.215 0.000187
14.220 0.000188
14.225 0.000187
14.230 0.000187
14.235 0.000186
14.240 0.000185
14.245 0.000183
14.250 0.000181
14.255 0.000179
14.260 0.000177
14.265 0.000173
14.270 0.000170
14.275 0.000167
14.280 0.000162
14.285 0.000157
14.290 0.000153
14.295 0.000148
14.300 0.000142
14.305 0.000137
14.310 0.000132
14.315 0.000127
14.320 0.000122
14.325 0.000116
14.330 0.000109
14.335 0.000103
14.340 0.000096
14.345 0.000088
14.350 0.000079
14.355 0.000071
14.360 0.000062
14.365 0.000054
14.370 0.000045
14.375 0.000036
14.380 0.000028
14.385 0.000020
14.390 0.000011
14.395 0.000003
14.400 -0.000006
14.405 -0.000015
14.410 -0.000022
14.415 -0.000029
14.420 -0.000038
14.425 -0.000046
14.430 -0.000055
14.435 -0.000064
14.440 -0.000072
14.445 -0.000080
14.450 -0.000088
14.455 -0.000095
14.460 -0.000103
14.465 -0.000110
14.470 -0.000117
14.475 -0.000123
14.480 -0.000129
14.485 -0.000135
14.490 -0.000141
14.495 -0.000147
14.500 -0.000152
14.505 -0.000157
14.510 -0.000162
14.515 -0.000167
14.520 -0.000172
14.525 -0.000176
14.530 -0.000180
14.535 -0.000184
14.540 -0.000187
14.545 -0.000190
14.550 -0.000192
14.555 -0.000194
14.560 -0.000196
14.565 -0.000197
14.570 -0.000198
14.575 -0.000198
14.580 -0.000198
14.585 -0.000198
14.590 -0.000198
14.595 -0.000198
14.600 -0.000197
14.605 -0.000196
14.610 -0.000195
14.615 -0.000193
14.620 -0.000190
14.625 -0.000187
14.630 -0.000183
14.635 -0.000180
14.640 -0.000176
14.645 -0.000172
14.650 -0.000167
14.655 -0.000162
14.660 -0.000157
14.665 -0.000152
14.670 -0.000146
14.675 -0.000141
14.680 -0.000136
14.685 -0.000130
14.690 -0.000123
14.695 -0.000117
14.700 -0.000111
14.705 -0.000105
14.710 -0.000099
14.715 -0.000091
14.720 -0.000083
14.725 -0.000076
14.730 -0.000069
14.735 -0.000062
14.740 -0.000054
14.745 -0.000047
14.750 -0.000039
14.755 -0.000032
14.760 -0.000024
14.765 -0.000017
14.770 -0.000010
14.775 -0.000001
14.780 0.000007
14.785 0.000014
14.790 0.000021
14.795 0.000028
14.800 0.000034
14.805 0.000041
14.810 0.000049
14.815 0.000057
14.820 0.000064
14.825 0.000071
14.830 0.000078
14.835 0.000085
14.840 0.000092
14.845 0.000099
14.850 0.000105
14.855 0.000111
14.860 0.000117
14.865 0.000122
14.870 0.000127
14.875 0.000131
14.880 0.000135
14.885 0.000139
14.890 0.000143
14.895 0.000147
14.900 0.000150
14.905 0.000153
14.910 0.000156
14.915 0.000159
14.920 0.000161
14.925 0.000163
14.930 0.000164
14.935 0.000165
14.940 0.000166
14.945 0.000166
14.950 0.000166
14.955 0.000167
14.960 0.000167
14.965 0.000166
14.970 0.000166
14.975 0.000165
14.980 0.000163
14.985 0.000162
14.990 0.000161
14.995 0.000159
15.000 0.000157
15.005 0.000155
15.010 0.000152
15.015 0.000149
15.020 0.000146
15.025 0.000143
15.030 0.000139
15.035 0.000135
15.040 0.000130
15.045 0.000125
15.050 0.000120
15.055 0.000116
15.060 0.000111
15.065 0.000105
15.070 0.000099
15.075 0.000093
15.080 0.000086
15.085 0.000080
15.090 0.000074
15.095 0.000068
15.100 0.000060
15.105 0.000052
15.110 0.000045
15.115 0.000037
15.120 0.000030
15.125 0.000022
15.130 0.000014
15.135 0.000006
15.140 -0.000002
15.145 -0.000010
15.150 -0.000018
15.155 -0.000025
15.160 -0.000033
15.165 -0.000041
15.170 -0.000048
15.175 -0.000055
15.180 -0.000063
15.185 -0.000070
15.190 -0.000078
15.195 -0.000085
15.200 -0.000092
15.205 -0.000099
15.210 -0.000106
15.215 -0.000112
15.220 -0.000118
15.225 -0.000125
15.230 -0.000131
15.235 -0.000136
15.240 -0.000141
15.245 -0.000146
15.250 -0.000151
15.255 -0.000155
15.260 -0.000160
15.265 -0.000164
15.270 -0.000169
15.275 -0.000173
15.280 -0.000176
15.285 -0.000180
15.290 -0.000183
15.295 -0.000185
15.300 -0.000187
15.305 -0.000189
15.310 -0.000190
15.315 -0.000191
15.320 -0.000192
15.325 -0.000192
15.330 -0.000193
15.335 -0.000193
15.340 -0.000192
15.345 -0.000192
15.350 -0.000191
15.355 -0.000190
15.360 -0.000188
15.365 -0.000186
15.370 -0.000184
15.375 -0.000181
15.380 -0.000177
15.385 -0.000173
15.390 -0.000169
15.395 -0.000164
15.400 -0.000160
15.405 -0.000155
15.410 -0.000150
15.415 -0.000144
15.420 -0.000138
15.425 -0.000132
15.430 -0.000126
15.435 -0.000119
15.440 -0.000113
15.445 -0.000106
15.450 -0.000099
15.455 -0.000092
15.460 -0.000085
15.465 -0.000078
15.470 -0.000070
15.475 -0.000063
15.480 -0.000056
15.485 -0.000049
15.490 -0.000041
15.495 -0.000033
15.500 -0.000024
15.505 -0.000016
15.510 -0.000009
15.515 -0.000001
15.520 0.000006
15.525 0.000014
15.530 0.000022
15.535 0.000030
15.540 0.000037
15.545 0.000045
15.550 0.000052
15.555 0.000060
15.560 0.000068
15.565 0.000075
15.570 0.000082
15.575 0.000089
15.580 0.000095
15.585 0.000101
15.590 0.000106
15.595 0.000112
15.600 0.000118
15.605 0.000124
15.610 0.000129
15.615 0.000134
15.620 0.000139
15.625 0.000143
15.630 0.000147
15.635 0.000151
15.640 0.000154
15.645 0.000157
15.650 0.000160
15.655 0.000162
15.660 0.000164
15.665 0.000166
15.670 0.000167
15.675 0.000168
15.680 0.000168
15.685 0.000168
15.690 0.000167
15.695 0.000167
15.700 0.000166
15.705 0.000165
15.710 0.000164
15.715 0.000162
15.720 0.000160
15.725 0.000158
15.730 0.000155
15.735 0.000153
15.740 0.000149
15.745 0.000146
15.750 0.000143
15.755 0.000139
15.760 0.000136
15.765 0.000131
15.770 0.000127
15.775 0.000121
15.780 0.000117
15.785 0.000112
15.790 0.000107
15.795 0.000101
15.800 0.000096
15.805 0.000090
15.810 0.000083
15.815 0.000076
15.820 0.000069
15.825 0.000062
15.830 0.000055
15.835 0.000047
15.840 0.000040
15.845 0.000032
15.850 0.000025
15.855 0.000018
15.860 0.000010
15.865 0.000003
15.870 -0.000005
15.875 -0.000012
15.880 -0.000018
15.885 -0.000025
15.890 -0.000032
15.895 -0.000040
15.900 -0.000047
15.905 -0.000054
15.910 -0.000061
15.915 -0.000068
15.920 -0.000075
15.925 -0.000082
15.930 -0.000088
15.935 -0.000094
15.940 -0.000099
15.945 -0.000105
15.950 -0.000111
15.955 -0.000116
15.960 -0.000121
15.965 -0.000126
15.970 -0.000131
15.975 -0.000135
15.980 -0.000138
15.985 -0.000143
15.990 -0.000146
15.995 -0.000150
16.000 -0.000153
16.005 -0.000156
16.010 -0.000159
16.015 -0.000161
16.020 -0.000164
16.025 -0.000165
16.030 -0.000167
16.035 -0.000168
16.040 -0.000169
16.045 -0.000170
16.050 -0.000171
16.055 -0.000172
16.060 -0.000172
16.065 -0.000172
16.070 -0.000172
16.075 -0.000171
16.080 -0.000170
16.085 -0.000169
16.090 -0.000167
16.095 -0.000166
16.100 -0.000163
16.105 -0.000161
16.110 -0.000159
16.115 -0.000156
16.120 -0.000153
16.125 -0.000149
16.130 -0.000145
16.135 -0.000141
16.140 -0.000136
16.145 -0.000131
16.150 -0.000127
16.155 -0.000122
16.160 -0.000117
16.165 -0.000112
16.170 -0.000107
16.175 -0.000102
16.180 -0.000096
16.185 -0.000090
16.190 -0.000083
16.195 -0.000077
16.200 -0.000070
16.205 -0.000064
16.210 -0.000057
16.215 -0.000050
16.220 -0.000044
16.225 -0.000037
16.230 -0.000030
16.235 -0.000024
16.240 -0.000017
16.245 -0.000010
16.250 -0.000004
16.255 0.000003
16.260 0.000010
16.265 0.000017
16.270 0.000023
16.275 0.000030
16.280 0.000036
16.285 0.000043
16.290 0.000050
16.295 0.000057
16.300 0.000063
16.305 0.000070
16.310 0.000076
16.315 0.000083
16.320 0.000089
16.325 0.000095
16.330 0.000100
16.335 0.000106
16.340 0.000111
16.345 0.000117
16.350 0.000122
16.355 0.000127
16.360 0.000132
16.365 0.000136
16.370 0.000140
16.375 0.000144
16.380 0.000147
16.385 0.000150
16.390 0.000153
16.395 0.000156
16.400 0.000158
16.405 0.000159
16.410 0.000160
16.415 0.000161
16.420 0.000162
16.425 0.000162
16.430 0.000163
16.435 0.000163
16.440 0.000163
16.445 0.000163
16.450 0.000161
16.455 0.000159
16.460 0.000158
16.465 0.000156
16.470 0.000154
16.475 0.000152
16.480 0.000149
16.485 0.000145
16.490 0.000142
16.495 0.000138
16.500 0.000133
16.505 0.000129
16.510 0.000124
16.515 0.000120
16.520 0.000116
16.525 0.000111
16.530 0.000106
16.535 0.000101
16.540 0.000096
16.545 0.000090
16.550 0.000085
16.555 0.000078
16.560 0.000072
16.565 0.000065
16.570 0.000059
16.575 0.000051
16.580 0.000043
16.585 0.000036
16.590 0.000029
16.595 0.000022
16.600 0.000014
16.605 0.000007
16.610 -0.000000
16.615 -0.000008
16.620 -0.000016
16.625 -0.000024
16.630 -0.000032
16.635 -0.000040
16.640 -0.000048
16.645 -0.000056
16.650 -0.000063
16.655 -0.000071
16.660 -0.000077
16.665 -0.000083
16.670 -0.000089
16.675 -0.000096
16.680 -0.000102
16.685 -0.000108
16.690 -0.000114
16.695 -0.000119
16.700 -0.000124
16.705 -0.000129
16.710 -0.000135
16.715 -0.000140
16.720 -0.000144
16.725 -0.000148
16.730 -0.000151
16.735 -0.000154
16.740 -0.000157
16.745 -0.000160
16.750 -0.000163
16.755 -0.000165
16.760 -0.000167
16.765 -0.000169
16.770 -0.000170
16.775 -0.000170
16.780 -0.000171
16.785 -0.000172
16.790 -0.000172
16.795 -0.000172
16.800 -0.000171
16.805 -0.000171
16.810 -0.000170
16.815 -0.000170
16.820 -0.000169
16.825 -0.000168
16.830 -0.000166
16.835 -0.000165
16.840 -0.000163
16.845 -0.000160
16.850 -0.000157
16.855 -0.000153
16.860 -0.000150
16.865 -0.000146
16.870 -0.000141
16.875 -0.000136
16.880 -0.000131
16.885 -0.000126
16.890 -0.000120
16.895 -0.000114
16.900 -0.000109
16.905 -0.000103
16.910 -0.000097
16.915 -0.000091
16.920 -0.000085
16.925 -0.000078
16.930 -0.000072
16.935 -0.000065
16.940 -0.000057
16.945 -0.000049
16.950 -0.000042
16.955 -0.000035
16.960 -0.000029
16.965 -0.000022
16.970 -0.000015
16.975 -0.000008
16.980 -0.000001
16.985 0.000006
16.990 0.000013
16.995 0.000020
17.000 0.000026
17.005 0.000033
17.010 0.000039
17.015 0.000046
17.020 0.000053
17.025 0.000060
17.030 0.000066
17.035 0.000072
17.040 0.000079
17.045 0.000085
17.050 0.000090
17.055 0.000095
17.060 0.000099
17.065 0.000105
17.070 0.000110
17.075 0.000115
17.080 0.000119
17.085 0.000123
17.090 0.000127
17.095 0.000130
17.100 0.000134
17.105 0.000138
17.110 0.000142
17.115 0.000145
17.120 0.000148
17.125 0.000150
17.130 0.000153
17.135 0.000155
17.140 0.000156
17.145 0.000157
17.150 0.000157
17.155 0.000157
17.160 0.000156
17.165 0.000156
17.170 0.000156
17.175 0.000156
17.180 0.000155
17.185 0.000153
17.190 0.000152
17.195 0.000151
17.200 0.000148
17.205 0.000145
17.210 0.000142
17.215 0.000139
17.220 0.000136
17.225 0.000132
17.230 0.000127
17.235 0.000123
17.240 0.000119
17.245 0.000115
17.250 0.000111
17.255 0.000107
17.260 0.000102
17.265 0.000098
17.270 0.000093
17.275 0.000088
17.280 0.000083
17.285 0.000078
17.290 0.000072
17.295 0.000066
17.300 0.000060
17.305 0.000054
17.310 0.000048
17.315 0.000042
17.320 0.000035
17.325 0.000029
17.330 0.000023
17.335 0.000017
17.340 0.000010
17.345 0.000004
17.350 -0.000002
17.355 -0.000008
17.360 -0.000015
17.365 -0.000022
17.370 -0.000028
17.375 -0.000034
17.380 -0.000041
17.385 -0.000048
17.390 -0.000054
17.395 -0.000061
17.400 -0.000067
17.405 -0.000073
17.410 -0.000079
17.415 -0.000085
17.420 -0.000090
17.425 -0.000095
17.430 -0.000100
17.435 -0.000105
17.440 -0.000110
17.445 -0.000114
17.450 -0.000118
17.455 -0.000123
17.460 -0.000127
17.465 -0.000131
17.470 -0.000135
17.475 -0.000138
17.480 -0.000141
17.485 -0.000144
17.490 -0.000146
17.495 -0.000149
17.500 -0.000151
17.505 -0.000153
17.510 -0.000154
17.515 -0.000155
17.520 -0.000156
17.525 -0.000156
17.530 -0.000157
17.535 -0.000158
17.540 -0.000159
17.545 -0.000159
17.550 -0.000159
17.555 -0.000158
17.560 -0.000157
17.565 -0.000156
17.570 -0.000155
17.575 -0.000153
17.580 -0.000152
17.585 -0.000150
17.590 -0.000147
17.595 -0.000144
17.600 -0.000142
17.605 -0.000139
17.610 -0.000136
17.615 -0.000132
17.620 -0.000127
17.625 -0.000122
17.630 -0.000118
17.635 -0.000112
17.640 -0.000108
17.645 -0.000104
17.650 -0.000098
17.655 -0.000092
17.660 -0.000086
17.665 -0.000080
17.670 -0.000073
17.675 -0.000067
17.680 -0.000060
17.685 -0.000053
17.690 -0.000046
17.695 -0.000039
17.700 -0.000031
17.705 -0.000024
17.710 -0.000016
17.715 -0.000009
17.720 -0.000002
17.725 0.000005
17.730 0.000012
17.735 0.000019
17.740 0.000025
17.745 0.000031
17.750 0.000038
17.755 0.000044
17.760 0.000051
17.765 0.000057
17.770 0.000064
17.775 0.000071
17.780 0.000078
17.785 0.000084
17.790 0.000090
17.795 0.000095
17.800 0.000100
17.805 0.000105
17.810 0.000110
17.815 0.000115
17.820 0.000120
17.825 0.000125
17.830 0.000129
17.835 0.000133
17.840 0.000136
17.845 0.000140
17.850 0.000143
17.855 0.000146
17.860 0.000148
17.865 0.000151
17.870 0.000153
17.875 0.000155
17.880 0.000156
17.885 0.000157
17.890 0.000158
17.895 0.000158
17.900 0.000158
17.905 0.000158
17.910 0.000158
17.915 0.000157
17.920 0.000156
17.925 0.000155
17.930 0.000153
17.935 0.000151
17.940 0.000149
17.945 0.000146
17.950 0.000143
17.955 0.000140
17.960 0.000136
17.965 0.000132
17.970 0.000127
17.975 0.000123
17.980 0.000117
17.985 0.000112
17.990 0.000107
17.995 0.000102
18.000 0.000097
18.005 0.000092
18.010 0.000086
18.015 0.000080
18.020 0.000074
18.025 0.000068
18.030 0.000062
18.035 0.000056
18.040 0.000051
18.045 0.000045
18.050 0.000038
18.055 0.000032
18.060 0.000026
18.065 0.000020
18.070 0.000014
18.075 0.000008
18.080 0.000001
18.085 -0.000005
18.090 -0.000011
18.095 -0.000017
18.100 -0.000023
18.105 -0.000029
18.110 -0.000035
18.115 -0.000042
18.120 -0.000048
18.125 -0.000055
18.130 -0.000061
18.135 -0.000067
18.140 -0.000073
18.145 -0.000078
18.150 -0.000084
18.155 -0.000089
18.160 -0.000095
18.165 -0.000101
18.170 -0.000106
18.175 -0.000110
18.180 -0.000114
18.185 -0.000118
18.190 -0.000122
18.195 -0.000126
18.200 -0.000129
18.205 -0.000133
18.210 -0.000136
18.215 -0.000138
18.220 -0.000141
18.225 -0.000143
18.230 -0.000145
18.235 -0.000146
18.240 -0.000147
18.245 -0.000148
18.250 -0.000148
18.255 -0.000149
18.260 -0.000149
18.265 -0.000149
18.270 -0.000149
18.275 -0.000148
18.280 -0.000147
18.285 -0.000146
18.290 -0.000145
18.295 -0.000143
18.300 -0.000141
18.305 -0.000140
18.310 -0.000138
18.315 -0.000135
18.320 -0.000133
18.325 -0.000130
18.330 -0.000127
18.335 -0.000124
18.340 -0.000121
18.345 -0.000118
18.350 -0.000114
18.355 -0.000111
18.360 -0.000107
18.365 -0.000103
18.370 -0.000098
18.375 -0.000094
18.380 -0.000089
18.385 -0.000083
18.390 -0.000078
18.395 -0.000073
18.400 -0.000067
18.405 -0.000062
18.410 -0.000056
18.415 -0.000050
18.420 -0.000044
18.425 -0.000038
18.430 -0.000032
18.435 -0.000026
18.440 -0.000019
18.445 -0.000013
18.450 -0.000006
18.455 0.000000
18.460 0.000007
18.465 0.000013
18.470 0.000019
18.475 0.000026
18.480 0.000032
18.485 0.000038
18.490 0.000044
18.495 0.000050
18.500 0.000056
18.505 0.000061
18.510 0.000067
18.515 0.000072
18.520 0.000078
18.525 0.000083
18.530 0.000087
18.535 0.000092
18.540 0.000096
18.545 0.000100
18.550 0.000104
18.555 0.000107
18.560 0.000111
18.565 0.000115
18.570 0.000118
18.575 0.000121
18.580 0.000124
18.585 0.000127
18.590 0.000130
18.595 0.000133
18.600 0.000135
18.605 0.000137
18.610 0.000139
18.615 0.000141
18.620 0.000142
18.625 0.000143
18.630 0.000144
18.635 0.000145
18.640 0.000145
18.645 0.000145
18.650 0.000145
18.655 0.000144
18.660 0.000144
18.665 0.000143
18.670 0.000141
18.675 0.000139
18.680 0.000137
18.685 0.000135
18.690 0.000132
18.695 0.000129
18.700 0.000126
18.705 0.000123
18.710 0.000119
18.715 0.000115
18.720 0.000111
18.725 0.000108
18.730 0.000103
18.735 0.000098
18.740 0.000092
18.745 0.000087
18.750 0.000082
18.755 0.000076
18.760 0.000070
18.765 0.000065
18.770 0.000059
18.775 0.000054
18.780 0.000049
18.785 0.000043
18.790 0.000038
18.795 0.000032
18.800 0.000026
18.805 0.000020
18.810 0.000014
18.815 0.000007
18.820 0.000002
18.825 -0.000004
18.830 -0.000010
18.835 -0.000016
18.840 -0.000022
18.845 -0.000028
18.850 -0.000033
18.855 -0.000039
18.860 -0.000045
18.865 -0.000050
18.870 -0.000057
18.875 -0.000063
18.880 -0.000069
18.885 -0.000075
18.890 -0.000081
18.895 -0.000087
18.900 -0.000093
18.905 -0.000098
18.910 -0.000103
18.915 -0.000107
18.920 -0.000111
18.925 -0.000116
18.930 -0.000120
18.935 -0.000124
18.940 -0.000128
18.945 -0.000131
18.950 -0.000135
18.955 -0.000138
18.960 -0.000140
18.965 -0.000143
18.970 -0.000145
18.975 -0.000147
18.980 -0.000148
18.985 -0.000149
18.990 -0.000149
18.995 -0.000149
19.000 -0.000149
19.005 -0.000149
19.010 -0.000149
19.015 -0.000148
19.020 -0.000148
19.025 -0.000147
19.030 -0.000145
19.035 -0.000143
19.040 -0.000141
19.045 -0.000139
19.050 -0.000137
19.055 -0.000134
19.060 -0.000131
19.065 -0.000128
19.070 -0.000125
19.075 -0.000121
19.080 -0.000117
19.085 -0.000114
19.090 -0.000110
19.095 -0.000106
19.100 -0.000102
19.105 -0.000097
19.110 -0.000093
19.115 -0.000088
19.120 -0.000083
19.125 -0.000077
19.130 -0.000072
19.135 -0.000067
19.140 -0.000061
19.145 -0.000055
19.150 -0.000049
19.155 -0.000042
19.160 -0.000036
19.165 -0.000029
19.170 -0.000022
19.175 -0.000015
19.180 -0.000008
19.185 -0.000001
19.190 0.000006
19.195 0.000013
19.200 0.000020
19.205 0.000026
19.210 0.000033
19.215 0.000038
19.220 0.000044
19.225 0.000051
19.230 0.000057
19.235 0.000063
19.240 0.000069
19.245 0.000075
19.250 0.000081
19.255 0.000086
19.260 0.000090
19.265 0.000095
19.270 0.000099
19.275 0.000104
19.280 0.000108
19.285 0.000111
19.290 0.000115
19.295 0.000118
19.300 0.000121
19.305 0.000124
19.310 0.000126
19.315 0.000129
19.320 0.000132
19.325 0.000135
19.330 0.000137
19.335 0.000139
19.340 0.000141
19.345 0.000142
19.350 0.000142
19.355 0.000142
19.360 0.000142
19.365 0.000142
19.370 0.000142
19.375 0.000142
19.380 0.000142
19.385 0.000142
19.390 0.000141
19.395 0.000140
19.400 0.000139
19.405 0.000137
19.410 0.000135
19.415 0.000133
19.420 0.000131
19.425 0.000128
19.430 0.000125
19.435 0.000122
19.440 0.000118
19.445 0.000114
19.450 0.000110
19.455 0.000105
19.460 0.000101
19.465 0.000096
19.470 0.000092
19.475 0.000087
19.480 0.000081
19.485 0.000076
19.490 0.000071
19.495 0.000065
19.500 0.000059
19.505 0.000054
19.510 0.000049
19.515 0.000043
19.520 0.000037
19.525 0.000031
19.530 0.000025
19.535 0.000020
19.540 0.000014
19.545 0.000009
19.550 0.000004
19.555 -0.000001
19.560 -0.000006
19.565 -0.000012
19.570 -0.000017
19.575 -0.000023
19.580 -0.000028
19.585 -0.000033
19.590 -0.000039
19.595 -0.000044
19.600 -0.000049
19.605 -0.000054
19.610 -0.000059
19.615 -0.000063
19.620 -0.000068
19.625 -0.000073
19.630 -0.000078
19.635 -0.000083
19.640 -0.000088
19.645 -0.000092
19.650 -0.000097
19.655 -0.000101
19.660 -0.000105
19.665 -0.000109
19.670 -0.000112
19.675 -0.000115
19.680 -0.000118
19.685 -0.000122
19.690 -0.000125
19.695 -0.000127
19.700 -0.000129
19.705 -0.000131
19.710 -0.000132
19.715 -0.000133
19.720 -0.000135
19.725 -0.000136
19.730 -0.000136
19.735 -0.000137
19.740 -0.000137
19.745 -0.000137
19.750 -0.000136
19.755 -0.000136
19.760 -0.000135
19.765 -0.000134
19.770 -0.000133
19.775 -0.000131
19.780 -0.000129
19.785 -0.000127
19.790 -0.000125
19.795 -0.000122
19.800 -0.000120
19.805 -0.000117
19.810 -0.000114
19.815 -0.000111
19.820 -0.000107
19.825 -0.000104
19.830 -0.000100
19.835 -0.000097
19.840 -0.000093
19.845 -0.000089
19.850 -0.000085
19.855 -0.000080
19.860 -0.000076
19.865 -0.000071
19.870 -0.000067
19.875 -0.000062
19.880 -0.000056
19.885 -0.000051
19.890 -0.000045
19.895 -0.000040
19.900 -0.000035
19.905 -0.000029
19.910 -0.000023
19.915 -0.000017
19.920 -0.000011
19.925 -0.000005
19.930 0.000002
19.935 0.000008
19.940 0.000014
19.945 0.000020
19.950 0.000026
19.955 0.000032
19.960 0.000038
19.965 0.000044
19.970 0.000051
19.975 0.000057
19.980 0.000063
19.985 0.000069
19.990 0.000075
19.995 0.000081
20.000 0.000085
20.005 0.000090
20.010 0.000095
20.015 0.000099
20.020 0.000103
20.025 0.000106
20.030 0.000110
20.035 0.000113
20.040 0.000117
20.045 0.000121
20.050 0.000124
20.055 0.000126
20.060 0.000129
20.065 0.000132
20.070 0.000134
20.075 0.000136
20.080 0.000137
20.085 0.000139
20.090 0.000140
20.095 0.000141
20.100 0.000141
20.105 0.000142
20.110 0.000142
20.115 0.000142
20.120 0.000142
20.125 0.000142
20.130 0.000142
20.135 0.000141
20.140 0.000140
20.145 0.000139
20.150 0.000138
20.155 0.000136
20.160 0.000133
20.165 0.000131
20.170 0.000128
20.175 0.000125
20.180 0.000121
20.185 0.000117
20.190 0.000113
20.195 0.000109
20.200 0.000104
20.205 0.000100
20.210 0.000095
20.215 0.000090
20.220 0.000085
20.225 0.000080
20.230 0.000074
20.235 0.000069
20.240 0.000063
20.245 0.000057
20.250 0.000051
20.255 0.000045
20.260 0.000038
20.265 0.000032
20.270 0.000026
20.275 0.000020
20.280 0.000013
20.285 0.000008
20.290 0.000002
20.295 -0.000003
20.300 -0.000009
20.305 -0.000014
20.310 -0.000020
20.315 -0.000025
20.320 -0.000031
20.325 -0.000036
20.330 -0.000042
20.335 -0.000047
20.340 -0.000052
20.345 -0.000058
20.350 -0.000063
20.355 -0.000068
20.360 -0.000073
20.365 -0.000078
20.370 -0.000082
20.375 -0.000087
20.380 -0.000091
20.385 -0.000095
20.390 -0.000098
20.395 -0.000102
20.400 -0.000105
20.405 -0.000109
20.410 -0.000112
20.415 -0.000115
20.420 -0.000118
20.425 -0.000120
20.430 -0.000123
20.435 -0.000126
20.440 -0.000128
20.445 -0.000130
20.450 -0.000131
20.455 -0.000131
20.460 -0.000132
20.465 -0.000132
20.470 -0.000132
20.475 -0.000131
20.480 -0.000130
20.485 -0.000130
20.490 -0.000128
20.495 -0.000126
20.500 -0.000125
20.505 -0.000123
20.510 -0.000121
20.515 -0.000119
20.520 -0.000117
20.525 -0.000115
20.530 -0.000112
20.535 -0.000109
20.540 -0.000106
20.545 -0.000102
20.550 -0.000099
20.555 -0.000095
20.560 -0.000091
20.565 -0.000087
20.570 -0.000083
20.575 -0.000079
20.580 -0.000075
20.585 -0.000072
20.590 -0.000068
20.595 -0.000063
20.600 -0.000059
20.605 -0.000055
20.610 -0.000051
20.615 -0.000046
20.620 -0.000041
20.625 -0.000036
20.630 -0.000031
20.635 -0.000025
20.640 -0.000020
20.645 -0.000014
20.650 -0.000008
20.655 -0.000003
20.660 0.000003
20.665 0.000009
20.670 0.000014
20.675 0.000020
20.680 0.000025
20.685 0.000030
20.690 0.000036
20.695 0.000041
20.700 0.000047
20.705 0.000052
20.710 0.000058
20.715 0.000063
20.720 0.000068
20.725 0.000074
20.730 0.000079
20.735 0.000084
20.740 0.000088
20.745 0.000092
20.750 0.000096
20.755 0.000099
20.760 0.000102
20.765 0.000105
20.770 0.000108
20.775 0.000110
20.780 0.000112
20.785 0.000114
20.790 0.000117
20.795 0.000119
20.800 0.000121
20.805 0.000123
20.810 0.000125
20.815 0.000126
20.820 0.000127
20.825 0.000128
20.830 0.000129
20.835 0.000130
20.840 0.000130
20.845 0.000130
20.850 0.000131
20.855 0.000130
20.860 0.000130
20.865 0.000129
20.870 0.000128
20.875 0.000128
20.880 0.000127
20.885 0.000126
20.890 0.000124
20.895 0.000123
20.900 0.000121
20.905 0.000118
20.910 0.000116
20.915 0.000113
20.920 0.000109
20.925 0.000106
20.930 0.000102
20.935 0.000098
20.940 0.000094
20.945 0.000090
20.950 0.000086
20.955 0.000081
20.960 0.000076
20.965 0.000071
20.970 0.000066
20.975 0.000061
20.980 0.000057
20.985 0.000051
20.990 0.000046
20.995 0.000040
21.000 0.000034
21.005 0.000029
21.010 0.000023
21.015 0.000018
21.020 0.000012
21.025 0.000007
21.030 0.000001
21.035 -0.000004
21.040 -0.000010
21.045 -0.000015
21.050 -0.000020
21.055 -0.000025
21.060 -0.000030
21.065 -0.000035
21.070 -0.000039
21.075 -0.000043
21.080 -0.000048
21.085 -0.000053
21.090 -0.000057
21.095 -0.000062
21.100 -0.000066
21.105 -0.000071
21.110 -0.000075
21.115 -0.000079
21.120 -0.000083
21.125 -0.000087
21.130 -0.000091
21.135 -0.000095
21.140 -0.000099
21.145 -0.000102
21.150 -0.000105
21.155 -0.000108
21.160 -0.000111
21.165 -0.000113
21.170 -0.000116
21.175 -0.000118
21.180 -0.000120
21.185 -0.000122
21.190 -0.000123
21.195 -0.000123
21.200 -0.000124
21.205 -0.000124
21.210 -0.000125
21.215 -0.000125
21.220 -0.000125
21.225 -0.000124
21.230 -0.000123
21.235 -0.000121
21.240 -0.000120
21.245 -0.000118
21.250 -0.000116
21.255 -0.000114
21.260 -0.000112
21.265 -0.000110
21.270 -0.000108
21.275 -0.000105
21.280 -0.000102
21.285 -0.000099
21.290 -0.000096
21.295 -0.000093
21.300 -0.000089
21.305 -0.000085
21.310 -0.000081
21.315 -0.000077
21.320 -0.000073
21.325 -0.000069
21.330 -0.000065
21.335 -0.000060
21.340 -0.000056
21.345 -0.000051
21.350 -0.000046
21.355 -0.000041
21.360 -0.000036
21.365 -0.000030
21.370 -0.000025
21.375 -0.000020
21.380 -0.000015
21.385 -0.000009
21.390 -0.000004
21.395 0.000002
21.400 0.000008
21.405 0.000014
21.410 0.000020
21.415 0.000026
21.420 0.000032
21.425 0.000038
21.430 0.000044
21.435 0.000050
21.440 0.000056
21.445 0.000061
21.450 0.000066
21.455 0.000071
21.460 0.000076
21.465 0.000081
21.470 0.000085
21.475 0.000090
21.480 0.000094
21.485 0.000099
21.490 0.000103
21.495 0.000107
21.500 0.000111
21.505 0.000114
21.510 0.000117
21.515 0.000120
21.520 0.000123
21.525 0.000124
21.530 0.000126
21.535 0.000127
21.540 0.000128
21.545 0.000130
21.550 0.000131
21.555 0.000131
21.560 0.000132
21.565 0.000132
21.570 0.000133
21.575 0.000133
21.580 0.000133
21.585 0.000132
21.590 0.000132
21.595 0.000131
21.600 0.000131
21.605 0.000130
21.610 0.000128
21.615 0.000127
21.620 0.000125
21.625 0.000123
21.630 0.000120
21.635 0.000118
21.640 0.000115
21.645 0.000112
21.650 0.000109
21.655 0.000105
21.660 0.000101
21.665 0.000098
21.670 0.000094
21.675 0.000089
21.680 0.000084
21.685 0.000079
21.690 0.000074
21.695 0.000069
21.700 0.000063
21.705 0.000058
21.710 0.000053
21.715 0.000048
21.720 0.000043
21.725 0.000037
21.730 0.000032
21.735 0.000026
21.740 0.000020
21.745 0.000014
21.750 0.000009
21.755 0.000004
21.760 -0.000001
21.765 -0.000005
21.770 -0.000010
21.775 -0.000015
21.780 -0.000020
21.785 -0.000025
21.790 -0.000030
21.795 -0.000035
21.800 -0.000039
21.805 -0.000044
21.810 -0.000049
21.815 -0.000053
21.820 -0.000057
21.825 -0.000061
21.830 -0.000066
21.835 -0.000070
21.840 -0.000073
21.845 -0.000077
21.850 -0.000081
21.855 -0.000084
21.860 -0.000087
21.865 -0.000090
21.870 -0.000093
21.875 -0.000096
21.880 -0.000099
21.885 -0.000101
21.890 -0.000104
21.895 -0.000106
21.900 -0.000108
21.905 -0.000110
21.910 -0.000112
21.915 -0.000114
21.920 -0.000116
21.925 -0.000117
21.930 -0.000118
21.935 -0.000118
21.940 -0.000118
21.945 -0.000118
21.950 -0.000117
21.955 -0.000116
21.960 -0.000115
21.965 -0.000114
21.970 -0.000113
21.975 -0.000112
21.980 -0.000111
21.985 -0.000110
21.990 -0.000108
21.995 -0.000106
22.000 -0.000103
22.005 -0.000101
22.010 -0.000098
22.015 -0.000095
22.020 -0.000093
22.025 -0.000089
22.030 -0.000086
22.035 -0.000083
22.040 -0.000079
22.045 -0.000075
22.050 -0.000072
22.055 -0.000069
22.060 -0.000065
22.065 -0.000062
22.070 -0.000058
22.075 -0.000054
22.080 -0.000050
22.085 -0.000046
22.090 -0.000041
22.095 -0.000037
22.100 -0.000032
22.105 -0.000027
22.110 -0.000022
22.115 -0.000017
22.120 -0.000012
22.125 -0.000006
22.130 -0.000001
22.135 0.000005
22.140 0.000009
22.145 0.000014
22.150 0.000020
22.155 0.000025
22.160 0.000030
22.165 0.000035
22.170 0.000039
22.175 0.000045
22.180 0.000050
22.185 0.000056
22.190 0.000061
22.195 0.000066
22.200 0.000071
22.205 0.000076
22.210 0.000081
22.215 0.000086
22.220 0.000090
22.225 0.000094
22.230 0.000097
22.235 0.000100
22.240 0.000104
22.245 0.000106
22.250 0.000108
22.255 0.000111
22.260 0.000113
22.265 0.000116
22.270 0.000118
22.275 0.000120
22.280 0.000122
22.285 0.000124
22.290 0.000125
22.295 0.000126
22.300 0.000127
22.305 0.000127
22.310 0.000127
22.315 0.000127
22.320 0.000127
22.325 0.000127
22.330 0.000126
22.335 0.000125
22.340 0.000125
22.345 0.000124
22.350 0.000123
22.355 0.000122
22.360 0.000121
22.365 0.000119
22.370 0.000117
22.375 0.000114
22.380 0.000112
22.385 0.000109
22.390 0.000106
22.395 0.000103
22.400 0.000099
22.405 0.000095
22.410 0.000092
22.415 0.000088
22.420 0.000083
22.425 0.000079
22.430 0.000074
22.435 0.000069
22.440 0.000064
22.445 0.000060
22.450 0.000056
22.455 0.000051
22.460 0.000046
22.465 0.000040
22.470 0.000035
22.475 0.000029
22.480 0.000023
22.485 0.000017
22.490 0.000012
22.495 0.000006
22.500 -0.000000
22.505 -0.000006
22.510 -0.000011
22.515 -0.000016
22.520 -0.000021
22.525 -0.000026
22.530 -0.000032
22.535 -0.000037
22.540 -0.000042
22.545 -0.000046
22.550 -0.000050
22.555 -0.000055
22.560 -0.000059
22.565 -0.000063
22.570 -0.000068
22.575 -0.000072
22.580 -0.000076
22.585 -0.000079
22.590 -0.000083
22.595 -0.000087
22.600 -0.000090
22.605 -0.000093
22.610 -0.000097
22.615 -0.000100
22.620 -0.000103
22.625 -0.000105
22.630 -0.000108
22.635 -0.000110
22.640 -0.000112
22.645 -0.000114
22.650 -0.000115
22.655 -0.000117
22.660 -0.000118
22.665 -0.000119
22.670 -0.000119
22.675 -0.000120
22.680 -0.000120
22.685 -0.000120
22.690 -0.000120
22.695 -0.000120
22.700 -0.000119
22.705 -0.000118
22.710 -0.000116
22.715 -0.000114
22.720 -0.000112
22.725 -0.000109
22.730 -0.000107
22.735 -0.000104
22.740 -0.000102
22.745 -0.000099
22.750 -0.000096
22.755 -0.000093
22.760 -0.000090
22.765 -0.000086
22.770 -0.000083
22.775 -0.000079
22.780 -0.000075
22.785 -0.000071
22.790 -0.000067
22.795 -0.000062
22.800 -0.000058
22.805 -0.000054
22.810 -0.000050
22.815 -0.000045
22.820 -0.000041
22.825 -0.000036
22.830 -0.000032
22.835 -0.000027
22.840 -0.000023
22.845 -0.000019
22.850 -0.000014
22.855 -0.000009
22.860 -0.000004
22.865 0.000002
22.870 0.000007
22.875 0.000012
22.880 0.000017
22.885 0.000022
22.890 0.000027
22.895 0.000032
22.900 0.000037
22.905 0.000041
22.910 0.000046
22.915 0.000050
22.920 0.000055
22.925 0.000059
22.930 0.000063
22.935 0.000067
22.940 0.000071
22.945 0.000076
22.950 0.000080
22.955 0.000085
22.960 0.000089
22.965 0.000092
22.970 0.000096
22.975 0.000098
22.980 0.000100
22.985 0.000102
22.990 0.000104
22.995 0.000106
23.000 0.000108
23.005 0.000109
23.010 0.000110
23.015 0.000111
23.020 0.000112
23.025 0.000112
23.030 0.000113
23.035 0.000114
23.040 0.000114
23.045 0.000114
23.050 0.000114
23.055 0.000114
23.060 0.000113
23.065 0.000112
23.070 0.000111
23.075 0.000110
23.080 0.000108
23.085 0.000107
23.090 0.000106
23.095 0.000104
23.100 0.000102
23.105 0.000101
23.110 0.000099
23.115 0.000097
23.120 0.000095
23.125 0.000092
23.130 0.000090
23.135 0.000088
23.140 0.000085
23.145 0.000081
23.150 0.000078
23.155 0.000073
23.160 0.000069
23.165 0.000064
23.170 0.000060
23.175 0.000056
23.180 0.000051
23.185 0.000046
23.190 0.000042
23.195 0.000037
23.200 0.000032
23.205 0.000028
23.210 0.000023
23.215 0.000018
23.220 0.000013
23.225 0.000008
23.230 0.000003
23.235 -0.000002
23.240 -0.000007
23.245 -0.000012
23.250 -0.000016
23.255 -0.000021
23.260 -0.000026
23.265 -0.000030
23.270 -0.000034
23.275 -0.000038
23.280 -0.000042
23.285 -0.000046
23.290 -0.000050
23.295 -0.000054
23.300 -0.000057
23.305 -0.000061
23.310 -0.000065
23.315 -0.000068
23.320 -0.000072
23.325 -0.000075
23.330 -0.000078
23.335 -0.000081
23.340 -0.000084
23.345 -0.000087
23.350 -0.000090
23.355 -0.000093
23.360 -0.000095
23.365 -0.000097
23.370 -0.000099
23.375 -0.000100
23.380 -0.000102
23.385 -0.000104
23.390 -0.000105
23.395 -0.000107
23.400 -0.000108
23.405 -0.000109
23.410 -0.000110
23.415 -0.000110
23.420 -0.000111
23.425 -0.000111
23.430 -0.000111
23.435 -0.000111
23.440 -0.000110
23.445 -0.000109
23.450 -0.000108
23.455 -0.000106
23.460 -0.000105
23.465 -0.000103
23.470 -0.000101
23.475 -0.000099
23.480 -0.000096
23.485 -0.000093
23.490 -0.000090
23.495 -0.000087
23.500 -0.000084
23.505 -0.000080
23.510 -0.000077
23.515 -0.000073
23.520 -0.000069
23.525 -0.000065
23.530 -0.000061
23.535 -0.000057
23.540 -0.000053
23.545 -0.000049
23.550 -0.000045
23.555 -0.000041
23.560 -0.000036
23.565 -0.000032
23.570 -0.000028
23.575 -0.000024
23.580 -0.000020
23.585 -0.000015
23.590 -0.000011
23.595 -0.000006
23.600 -0.000001
23.605 0.000004
23.610 0.000009
23.615 0.000014
23.620 0.000019
23.625 0.000023
23.630 0.000028
23.635 0.000032
23.640 0.000037
23.645 0.000042
23.650 0.000046
23.655 0.000051
23.660 0.000056
23.665 0.000061
23.670 0.000066
23.675 0.000070
23.680 0.000075
23.685 0.000079
23.690 0.000084
23.695 0.000088
23.700 0.000092
23.705 0.000095
23.710 0.000098
23.715 0.000101
23.720 0.000103
23.725 0.000105
23.730 0.000107
23.735 0.000109
23.740 0.000110
23.745 0.000111
23.750 0.000112
23.755 0.000113
23.760 0.000114
23.765 0.000115
23.770 0.000116
23.775 0.000116
23.780 0.000116
23.785 0.000116
23.790 0.000115
23.795 0.000115
23.800 0.000114
23.805 0.000113
23.810 0.000112
23.815 0.000110
23.820 0.000109
23.825 0.000107
23.830 0.000105
23.835 0.000103
23.840 0.000101
23.845 0.000099
23.850 0.000096
23.855 0.000094
23.860 0.000091
23.865 0.000088
23.870 0.000085
23.875 0.000081
23.880 0.000078
23.885 0.000074
23.890 0.000070
23.895 0.000066
23.900 0.000061
23.905 0.000057
23.910 0.000052
23.915 0.000048
23.920 0.000044
23.925 0.000039
23.930 0.000035
23.935 0.000030
23.940 0.000025
23.945 0.000020
23.950 0.000015
23.955 0.000010
23.960 0.000004
23.965 -0.000001
23.970 -0.000006
23.975 -0.000012
23.980 -0.000017
23.985 -0.000022
23.990 -0.000027
23.995 -0.000032
24.000 -0.000037
24.005 -0.000041
24.010 -0.000045
24.015 -0.000049
24.020 -0.000053
24.025 -0.000057
24.030 -0.000060
24.035 -0.000064
24.040 -0.000067
24.045 -0.000070
24.050 -0.000073
24.055 -0.000076
24.060 -0.000080
24.065 -0.000083
24.070 -0.000085
24.075 -0.000088
24.080 -0.000090
24.085 -0.000093
24.090 -0.000094
24.095 -0.000096
24.100 -0.000098
24.105 -0.000100
24.110 -0.000101
24.115 -0.000102
24.120 -0.000104
24.125 -0.000105
24.130 -0.000105
24.135 -0.000106
24.140 -0.000107
24.145 -0.000108
24.150 -0.000108
24.155 -0.000108
24.160 -0.000108
24.165 -0.000107
24.170 -0.000107
24.175 -0.000105
24.180 -0.000104
24.185 -0.000103
24.190 -0.000101
24.195 -0.000099
24.200 -0.000097
24.205 -0.000095
24.210 -0.000093
24.215 -0.000090
24.220 -0.000087
24.225 -0.000084
24.230 -0.000081
24.235 -0.000078
24.240 -0.000075
24.245 -0.000072
24.250 -0.000069
24.255 -0.000065
24.260 -0.000061
24.265 -0.000056
24.270 -0.000052
24.275 -0.000048
24.280 -0.000044
24.285 -0.000040
24.290 -0.000036
24.295 -0.000032
24.300 -0.000028
24.305 -0.000023
24.310 -0.000019
24.315 -0.000015
24.320 -0.000011
24.325 -0.000007
24.330 -0.000003
24.335 0.000001
24.340 0.000006
24.345 0.000010
24.350 0.000015
24.355 0.000020
24.360 0.000024
24.365 0.000028
24.370 0.000032
24.375 0.000036
24.380 0.000040
24.385 0.000044
24.390 0.000048
24.395 0.000052
24.400 0.000056
24.405 0.000060
24.410 0.000063
24.415 0.000068
24.420 0.000072
24.425 0.000075
24.430 0.000079
24.435 0.000083
24.440 0.000086
24.445 0.000090
24.450 0.000093
24.455 0.000096
24.460 0.000098
24.465 0.000101
24.470 0.000103
24.475 0.000104
24.480 0.000105
24.485 0.000106
24.490 0.000107
24.495 0.000108
24.500 0.000108
24.505 0.000109
24.510 0.000109
24.515 0.000108
24.520 0.000109
24.525 0.000109
24.530 0.000109
24.535 0.000108
24.540 0.000107
24.545 0.000106
24.550 0.000105
24.555 0.000103
24.560 0.000102
24.565 0.000101
24.570 0.000099
24.575 0.000098
24.580 0.000096
24.585 0.000093
24.590 0.000090
24.595 0.000088
24.600 0.000085
24.605 0.000083
24.610 0.000080
24.615 0.000077
24.620 0.000074
24.625 0.000071
24.630 0.000067
24.635 0.000064
24.640 0.000060
24.645 0.000057
24.650 0.000053
24.655 0.000049
24.660 0.000044
24.665 0.000039
24.670 0.000034
24.675 0.000029
24.680 0.000025
24.685 0.000021
24.690 0.000016
24.695 0.000011
24.700 0.000006
24.705 0.000002
24.710 -0.000003
24.715 -0.000009
24.720 -0.000014
24.725 -0.000019
24.730 -0.000024
24.735 -0.000029
24.740 -0.000034
24.745 -0.000039
24.750 -0.000044
24.755 -0.000049
24.760 -0.000052
24.765 -0.000055
24.770 -0.000059
24.775 -0.000064
24.780 -0.000067
24.785 -0.000070
24.790 -0.000074
24.795 -0.000077
24.800 -0.000080
24.805 -0.000083
24.810 -0.000086
24.815 -0.000089
24.820 -0.000091
24.825 -0.000093
24.830 -0.000095
24.835 -0.000097
24.840 -0.000099
24.845 -0.000100
24.850 -0.000102
24.855 -0.000103
24.860 -0.000104
24.865 -0.000105
24.870 -0.000106
24.875 -0.000107
24.880 -0.000108
24.885 -0.000108
24.890 -0.000108
24.895 -0.000108
24.900 -0.000108
24.905 -0.000108
24.910 -0.000107
24.915 -0.000107
24.920 -0.000106
24.925 -0.000105
24.930 -0.000103
24.935 -0.000101
24.940 -0.000099
24.945 -0.000097
24.950 -0.000095
24.955 -0.000093
24.960 -0.000090
24.965 -0.000087
24.970 -0.000084
24.975 -0.000080
24.980 -0.000076
24.985 -0.000073
24.990 -0.000069
24.995 -0.000065
25.000 -0.000061
25.005 -0.000056
25.010 -0.000052
25.015 -0.000047
25.020 -0.000043
25.025 -0.000038
25.030 -0.000034
25.035 -0.000029
25.040 -0.000024
25.045 -0.000019
25.050 -0.000015
25.055 -0.000010
25.060 -0.000006
25.065 -0.000001
25.070 0.000003
25.075 0.000008
25.080 0.000012
25.085 0.000017
25.090 0.000021
25.095 0.000024
25.100 0.000028
25.105 0.000032
25.110 0.000036
25.115 0.000040
25.120 0.000045
25.125 0.000048
25.130 0.000052
25.135 0.000056
25.140 0.000060
25.145 0.000063
25.150 0.000067
25.155 0.000071
25.160 0.000074
25.165 0.000078
25.170 0.000081
25.175 0.000084
25.180 0.000087
25.185 0.000090
25.190 0.000093
25.195 0.000095
25.200 0.000097
25.205 0.000099
25.210 0.000101
25.215 0.000102
25.220 0.000104
25.225 0.000105
25.230 0.000106
25.235 0.000106
25.240 0.000107
25.245 0.000107
25.250 0.000107
25.255 0.000106
25.260 0.000106
25.265 0.000105
25.270 0.000104
25.275 0.000103
25.280 0.000102
25.285 0.000100
25.290 0.000099
25.295 0.000098
25.300 0.000096
25.305 0.000094
25.310 0.000092
25.315 0.000089
25.320 0.000087
25.325 0.000084
25.330 0.000080
25.335 0.000077
25.340 0.000074
25.345 0.000071
25.350 0.000068
25.355 0.000065
25.360 0.000062
25.365 0.000059
25.370 0.000055
25.375 0.000052
25.380 0.000049
25.385 0.000045
25.390 0.000042
25.395 0.000039
25.400 0.000035
25.405 0.000032
25.410 0.000028
25.415 0.000024
25.420 0.000019
25.425 0.000015
25.430 0.000010
25.435 0.000006
25.440 0.000002
25.445 -0.000003
25.450 -0.000008
25.455 -0.000013
25.460 -0.000017
25.465 -0.000022
25.470 -0.000026
25.475 -0.000030
25.480 -0.000035
25.485 -0.000039
25.490 -0.000043
25.495 -0.000047
25.500 -0.000050
25.505 -0.000054
25.510 -0.000058
25.515 -0.000062
25.520 -0.000065
25.525 -0.000068
25.530 -0.000071
25.535 -0.000074
25.540 -0.000076
25.545 -0.000078
25.550 -0.000080
25.555 -0.000082
25.560 -0.000084
25.565 -0.000085
25.570 -0.000087
25.575 -0.000089
25.580 -0.000090
25.585 -0.000091
25.590 -0.000093
25.595 -0.000094
25.600 -0.000095
25.605 -0.000095
25.610 -0.000096
25.615 -0.000096
25.620 -0.000096
25.625 -0.000097
25.630 -0.000097
25.635 -0.000097
25.640 -0.000096
25.645 -0.000096
25.650 -0.000095
25.655 -0.000094
25.660 -0.000093
25.665 -0.000092
25.670 -0.000090
25.675 -0.000089
25.680 -0.000087
25.685 -0.000085
25.690 -0.000084
25.695 -0.000081
25.700 -0.000079
25.705 -0.000076
25.710 -0.000073
25.715 -0.000070
25.720 -0.000066
25.725 -0.000063
25.730 -0.000059
25.735 -0.000055
25.740 -0.000052
25.745 -0.000048
25.750 -0.000044
25.755 -0.000040
25.760 -0.000036
25.765 -0.000032
25.770 -0.000028
25.775 -0.000024
25.780 -0.000020
25.785 -0.000015
25.790 -0.000010
25.795 -0.000006
25.800 -0.000002
25.805 0.000002
25.810 0.000006
25.815 0.000010
25.820 0.000014
25.825 0.000018
25.830 0.000022
25.835 0.000026
25.840 0.000030
25.845 0.000034
25.850 0.000038
25.855 0.000042
25.860 0.000045
25.865 0.000049
25.870 0.000052
25.875 0.000055
25.880 0.000059
25.885 0.000062
25.890 0.000066
25.895 0.000070
25.900 0.000073
25.905 0.000077
25.910 0.000080
25.915 0.000083
25.920 0.000087
25.925 0.000090
25.930 0.000092
25.935 0.000094
25.940 0.000096
25.945 0.000098
25.950 0.000100
25.955 0.000102
25.960 0.000103
25.965 0.000105
25.970 0.000105
25.975 0.000105
25.980 0.000106
25.985 0.000106
25.990 0.000107
25.995 0.000107
26.000 0.000106
26.005 0.000105
26.010 0.000104
26.015 0.000103
26.020 0.000101
26.025 0.000100
26.030 0.000098
26.035 0.000097
26.040 0.000095
26.045 0.000093
26.050 0.000091
26.055 0.000089
26.060 0.000086
26.065 0.000083
26.070 0.000080
26.075 0.000077
26.080 0.000074
26.085 0.000070
26.090 0.000067
26.095 0.000064
26.100 0.000060
26.105 0.000057
26.110 0.000054
26.115 0.000050
26.120 0.000046
26.125 0.000042
26.130 0.000037
26.135 0.000033
26.140 0.000030
26.145 0.000026
26.150 0.000021
26.155 0.000017
26.160 0.000013
26.165 0.000008
26.170 0.000004
26.175 0.000000
26.180 -0.000004
26.185 -0.000009
26.190 -0.000014
26.195 -0.000019
26.200 -0.000024
26.205 -0.000029
26.210 -0.000033
26.215 -0.000038
26.220 -0.000042
26.225 -0.000046
26.230 -0.000050
26.235 -0.000053
26.240 -0.000057
26.245 -0.000060
26.250 -0.000064
26.255 -0.000067
26.260 -0.000070
26.265 -0.000073
26.270 -0.000075
26.275 -0.000077
26.280 -0.000080
26.285 -0.000082
26.290 -0.000084
26.295 -0.000085
26.300 -0.000087
26.305 -0.000088
26.310 -0.000089
26.315 -0.000090
26.320 -0.000091
26.325 -0.000091
26.330 -0.000091
26.335 -0.000091
26.340 -0.000092
26.345 -0.000092
26.350 -0.000092
26.355 -0.000092
26.360 -0.000092
26.365 -0.000091
26.370 -0.000091
26.375 -0.000090
26.380 -0.000089
26.385 -0.000088
26.390 -0.000087
26.395 -0.000086
26.400 -0.000084
26.405 -0.000083
26.410 -0.000081
26.415 -0.000079
26.420 -0.000077
26.425 -0.000075
26.430 -0.000073
26.435 -0.000070
26.440 -0.000068
26.445 -0.000065
26.450 -0.000062
26.455 -0.000058
26.460 -0.000055
26.465 -0.000052
26.470 -0.000049
26.475 -0.000045
26.480 -0.000041
26.485 -0.000037
26.490 -0.000033
26.495 -0.000029
26.500 -0.000025
26.505 -0.000021
26.510 -0.000016
26.515 -0.000012
26.520 -0.000008
26.525 -0.000004
26.530 0.000001
26.535 0.000005
26.540 0.000009
26.545 0.000013
26.550 0.000017
26.555 0.000021
26.560 0.000024
26.565 0.000027
26.570 0.000030
26.575 0.000033
26.580 0.000037
26.585 0.000040
26.590 0.000044
26.595 0.000048
26.600 0.000052
26.605 0.000055
26.610 0.000058
26.615 0.000061
26.620 0.000064
26.625 0.000067
26.630 0.000069
26.635 0.000072
26.640 0.000075
26.645 0.000078
26.650 0.000081
26.655 0.000084
26.660 0.000086
26.665 0.000088
26.670 0.000090
26.675 0.000092
26.680 0.000094
26.685 0.000095
26.690 0.000096
26.695 0.000098
26.700 0.000099
26.705 0.000100
26.710 0.000101
26.715 0.000101
26.720 0.000102
26.725 0.000102
26.730 0.000102
26.735 0.000102
26.740 0.000101
26.745 0.000100
26.750 0.000100
26.755 0.000099
26.760 0.000098
26.765 0.000096
26.770 0.000095
26.775 0.000093
26.780 0.000090
26.785 0.000088
26.790 0.000085
26.795 0.000083
26.800 0.000080
26.805 0.000076
26.810 0.000073
26.815 0.000069
26.820 0.000066
26.825 0.000064
26.830 0.000061
26.835 0.000058
26.840 0.000054
26.845 0.000051
26.850 0.000047
26.855 0.000043
26.860 0.000040
26.865 0.000036
26.870 0.000033
26.875 0.000029
26.880 0.000026
26.885 0.000022
26.890 0.000018
26.895 0.000014
26.900 0.000010
26.905 0.000006
26.910 0.000002
26.915 -0.000002
26.920 -0.000006
26.925 -0.000009
26.930 -0.000014
26.935 -0.000018
26.940 -0.000022
26.945 -0.000027
26.950 -0.000031
26.955 -0.000035
26.960 -0.000038
26.965 -0.000042
26.970 -0.000046
26.975 -0.000050
26.980 -0.000054
26.985 -0.000057
26.990 -0.000060
26.995 -0.000064
27.000 -0.000067
27.005 -0.000070
27.010 -0.000073
27.015 -0.000075
27.020 -0.000078
27.025 -0.000080
27.030 -0.000082
27.035 -0.000083
27.040 -0.000084
27.045 -0.000086
27.050 -0.000087
27.055 -0.000088
27.060 -0.000090
27.065 -0.000090
27.070 -0.000091
27.075 -0.000092
27.080 -0.000092
27.085 -0.000092
27.090 -0.000091
27.095 -0.000091
27.100 -0.000091
27.105 -0.000090
27.110 -0.000090
27.115 -0.000090
27.120 -0.000089
27.125 -0.000089
27.130 -0.000088
27.135 -0.000087
27.140 -0.000085
27.145 -0.000083
27.150 -0.000081
27.155 -0.000080
27.160 -0.000078
27.165 -0.000076
27.170 -0.000073
27.175 -0.000070
27.180 -0.000068
27.185 -0.000065
27.190 -0.000063
27.195 -0.000059
27.200 -0.000056
27.205 -0.000053
27.210 -0.000050
27.215 -0.000047
27.220 -0.000043
27.225 -0.000039
27.230 -0.000035
27.235 -0.000031
27.240 -0.000026
27.245 -0.000021
27.250 -0.000018
27.255 -0.000014
27.260 -0.000010
27.265 -0.000006
27.270 -0.000001
27.275 0.000004
27.280 0.000009
27.285 0.000013
27.290 0.000018
27.295 0.000022
27.300 0.000026
27.305 0.000030
27.310 0.000034
27.315 0.000038
27.320 0.000041
27.325 0.000045
27.330 0.000049
27.335 0.000053
27.340 0.000057
27.345 0.000060
27.350 0.000063
27.355 0.000066
27.360 0.000069
27.365 0.000072
27.370 0.000075
27.375 0.000077
27.380 0.000080
27.385 0.000082
27.390 0.000084
27.395 0.000086
27.400 0.000088
27.405 0.000090
27.410 0.000091
27.415 0.000093
27.420 0.000095
27.425 0.000096
27.430 0.000097
27.435 0.000099
27.440 0.000099
27.445 0.000100
27.450 0.000101
27.455 0.000101
27.460 0.000101
27.465 0.000101
27.470 0.000100
27.475 0.000100
27.480 0.000099
27.485 0.000098
27.490 0.000097
27.495 0.000096
27.500 0.000094
27.505 0.000093
27.510 0.000090
27.515 0.000088
27.520 0.000085
27.525 0.000083
27.530 0.000080
27.535 0.000077
27.540 0.000073
27.545 0.000070
27.550 0.000066
27.555 0.000063
27.560 0.000059
27.565 0.000056
27.570 0.000052
27.575 0.000049
27.580 0.000045
27.585 0.000042
27.590 0.000038
27.595 0.000035
27.600 0.000031
27.605 0.000028
27.610 0.000024
27.615 0.000021
27.620 0.000017
27.625 0.000013
27.630 0.000010
27.635 0.000006
27.640 0.000002
27.645 -0.000001
27.650 -0.000004
27.655 -0.000008
27.660 -0.000012
27.665 -0.000016
27.670 -0.000019
27.675 -0.000023
27.680 -0.000026
27.685 -0.000030
27.690 -0.000034
27.695 -0.000038
27.700 -0.000041
27.705 -0.000045
27.710 -0.000049
27.715 -0.000052
27.720 -0.000055
27.725 -0.000058
27.730 -0.000061
27.735 -0.000064
27.740 -0.000067
27.745 -0.000069
27.750 -0.000071
27.755 -0.000073
27.760 -0.000075
27.765 -0.000077
27.770 -0.000079
27.775 -0.000080
27.780 -0.000082
27.785 -0.000082
27.790 -0.000083
27.795 -0.000084
27.800 -0.000084
27.805 -0.000084
27.810 -0.000085
27.815 -0.000085
27.820 -0.000085
27.825 -0.000085
27.830 -0.000084
27.835 -0.000083
27.840 -0.000082
27.845 -0.000081
27.850 -0.000081
27.855 -0.000080
27.860 -0.000079
27.865 -0.000078
27.870 -0.000077
27.875 -0.000076
27.880 -0.000074
27.885 -0.000073
27.890 -0.000071
27.895 -0.000069
27.900 -0.000068
27.905 -0.000065
27.910 -0.000063
27.915 -0.000061
27.920 -0.000059
27.925 -0.000056
27.930 -0.000054
27.935 -0.000052
27.940 -0.000051
27.945 -0.000048
27.950 -0.000045
27.955 -0.000041
27.960 -0.000038
27.965 -0.000034
27.970 -0.000030
27.975 -0.000026
27.980 -0.000022
27.985 -0.000017
27.990 -0.000013
27.995 -0.000009
28.000 -0.000005
28.005 -0.000001
28.010 0.000003
28.015 0.000007
28.020 0.000011
28.025 0.000015
28.030 0.000019
28.035 0.000023
28.040 0.000026
28.045 0.000030
28.050 0.000033
28.055 0.000037
28.060 0.000040
28.065 0.000043
28.070 0.000047
28.075 0.000050
28.080 0.000053
28.085 0.000056
28.090 0.000059
28.095 0.000062
28.100 0.000064
28.105 0.000066
28.110 0.000069
28.115 0.000071
28.120 0.000073
28.125 0.000075
28.130 0.000077
28.135 0.000078
28.140 0.000080
28.145 0.000081
28.150 0.000083
28.155 0.000085
28.160 0.000087
28.165 0.000088
28.170 0.000089
28.175 0.000090
28.180 0.000091
28.185 0.000092
28.190 0.000093
28.195 0.000094
28.200 0.000094
28.205 0.000094
28.210 0.000094
28.215 0.000094
28.220 0.000093
28.225 0.000092
28.230 0.000091
28.235 0.000090
28.240 0.000088
28.245 0.000087
28.250 0.000085
28.255 0.000083
28.260 0.000080
28.265 0.000078
28.270 0.000075
28.275 0.000072
28.280 0.000069
28.285 0.000066
28.290 0.000063
28.295 0.000060
28.300 0.000056
28.305 0.000053
28.310 0.000049
28.315 0.000046
28.320 0.000042
28.325 0.000039
28.330 0.000036
28.335 0.000032
28.340 0.000028
28.345 0.000024
28.350 0.000021
28.355 0.000018
28.360 0.000014
28.365 0.000010
28.370 0.000007
28.375 0.000003
28.380 -0.000001
28.385 -0.000004
28.390 -0.000008
28.395 -0.000012
28.400 -0.000016
28.405 -0.000019
28.410 -0.000023
28.415 -0.000026
28.420 -0.000029
28.425 -0.000033
28.430 -0.000036
28.435 -0.000040
28.440 -0.000043
28.445 -0.000046
28.450 -0.000049
28.455 -0.000052
28.460 -0.000056
28.465 -0.000059
28.470 -0.000062
28.475 -0.000065
28.480 -0.000068
28.485 -0.000071
28.490 -0.000073
28.495 -0.000075
28.500 -0.000077
28.505 -0.000078
28.510 -0.000080
28.515 -0.000081
28.520 -0.000082
28.525 -0.000082
28.530 -0.000083
28.535 -0.000084
28.540 -0.000084
28.545 -0.000084
28.550 -0.000084
28.555 -0.000084
28.560 -0.000084
28.565 -0.000084
28.570 -0.000083
28.575 -0.000082
28.580 -0.000081
28.585 -0.000080
28.590 -0.000079
28.595 -0.000078
28.600 -0.000076
28.605 -0.000074
28.610 -0.000072
28.615 -0.000071
28.620 -0.000069
28.625 -0.000068
28.630 -0.000066
28.635 -0.000064
28.640 -0.000062
28.645 -0.000060
28.650 -0.000058
28.655 -0.000056
28.660 -0.000053
28.665 -0.000050
28.670 -0.000047
28.675 -0.000043
28.680 -0.000040
28.685 -0.000037
28.690 -0.000034
28.695 -0.000030
28.700 -0.000027
28.705 -0.000023
28.710 -0.000019
28.715 -0.000016
28.720 -0.000012
28.725 -0.000009
28.730 -0.000004
28.735 -0.000000
28.740 0.000004
28.745 0.000008
28.750 0.000012
28.755 0.000016
28.760 0.000020
28.765 0.000024
28.770 0.000028
28.775 0.000032
28.780 0.000035
28.785 0.000038
28.790 0.000041
28.795 0.000044
28.800 0.000048
28.805 0.000051
28.810 0.000054
28.815 0.000057
28.820 0.000060
28.825 0.000062
28.830 0.000065
28.835 0.000067
28.840 0.000070
28.845 0.000072
28.850 0.000073
28.855 0.000075
28.860 0.000077
28.865 0.000078
28.870 0.000079
28.875 0.000081
28.880 0.000081
28.885 0.000082
28.890 0.000083
28.895 0.000085
28.900 0.000086
28.905 0.000086
28.910 0.000087
28.915 0.000088
28.920 0.000089
28.925 0.000089
28.930 0.000089
28.935 0.000089
28.940 0.000088
28.945 0.000087
28.950 0.000087
28.955 0.000086
28.960 0.000085
28.965 0.000084
28.970 0.000083
28.975 0.000082
28.980 0.000080
28.985 0.000078
28.990 0.000076
28.995 0.000074
29.000 0.000071
29.005 0.000069
29.010 0.000066
29.015 0.000064
29.020 0.000061
29.025 0.000057
29.030 0.000054
29.035 0.000051
29.040 0.000048
29.045 0.000045
29.050 0.000041
29.055 0.000038
29.060 0.000034
29.065 0.000031
29.070 0.000028
29.075 0.000024
29.080 0.000021
29.085 0.000017
29.090 0.000013
29.095 0.000010
29.100 0.000006
29.105 0.000003
29.110 -0.000000
29.115 -0.000003
29.120 -0.000006
29.125 -0.000009
29.130 -0.000013
29.135 -0.000016
29.140 -0.000019
29.145 -0.000022
29.150 -0.000025
29.155 -0.000028
29.160 -0.000032
29.165 -0.000035
29.170 -0.000038
29.175 -0.000041
29.180 -0.000044
29.185 -0.000047
29.190 -0.000051
29.195 -0.000054
29.200 -0.000056
29.205 -0.000059
29.210 -0.000062
29.215 -0.000064
29.220 -0.000067
29.225 -0.000069
29.230 -0.000071
29.235 -0.000074
29.240 -0.000075
29.245 -0.000077
29.250 -0.000079
29.255 -0.000080
29.260 -0.000081
29.265 -0.000083
29.270 -0.000083
29.275 -0.000084
29.280 -0.000084
29.285 -0.000084
29.290 -0.000084
29.295 -0.000084
29.300 -0.000084
29.305 -0.000083
29.310 -0.000083
29.315 -0.000083
29.320 -0.000082
29.325 -0.000081
29.330 -0.000079
29.335 -0.000078
29.340 -0.000077
29.345 -0.000075
29.350 -0.000073
29.355 -0.000071
29.360 -0.000069
29.365 -0.000067
29.370 -0.000065
29.375 -0.000062
29.380 -0.000060
29.385 -0.000058
29.390 -0.000055
29.395 -0.000053
29.400 -0.000050
29.405 -0.000048
29.410 -0.000046
29.415 -0.000043
29.420 -0.000040
29.425 -0.000037
29.430 -0.000034
29.435 -0.000030
29.440 -0.000027
29.445 -0.000024
29.450 -0.000020
29.455 -0.000017
29.460 -0.000013
29.465 -0.000009
29.470 -0.000005
29.475 -0.000001
29.480 0.000003
29.485 0.000007
29.490 0.000011
29.495 0.000015
29.500 0.000019
29.505 0.000023
29.510 0.000027
29.515 0.000031
29.520 0.000036
29.525 0.000039
29.530 0.000043
29.535 0.000046
29.540 0.000049
29.545 0.000053
29.550 0.000056
29.555 0.000059
