0.000 0.000217
0.005 0.000209
0.010 0.000202
0.015 0.000194
0.020 0.000187
0.025 0.000177
0.030 0.000164
0.035 0.000150
0.040 0.000137
0.045 0.000125
0.050 0.000112
0.055 0.000101
0.060 0.000090
0.065 0.000080
0.070 0.000070
0.075 0.000061
0.080 0.000050
0.085 0.000039
0.090 0.000027
0.095 0.000016
0.100 0.000004
0.105 -0.000010
0.110 -0.000024
0.115 -0.000039
0.120 -0.000054
0.125 -0.000070
0.130 -0.000084
0.135 -0.000097
0.140 -0.000110
0.145 -0.000121
0.150 -0.000133
0.155 -0.000142
0.160 -0.000151
0.165 -0.000159
0.170 -0.000168
0.175 -0.000177
0.180 -0.000188
0.185 -0.000200
0.190 -0.000213
0.195 -0.000219
0.200 -0.000225
0.205 -0.000233
0.210 -0.000242
0.215 -0.000252
0.220 -0.000262
0.225 -0.000273
0.230 -0.000284
0.235 -0.000294
0.240 -0.000304
0.245 -0.000311
0.250 -0.000317
0.255 -0.000323
0.260 -0.000330
0.265 -0.000336
0.270 -0.000341
0.275 -0.000345
0.280 -0.000349
0.285 -0.000349
0.290 -0.000349
0.295 -0.000347
0.300 -0.000341
0.305 -0.000335
0.310 -0.000330
0.315 -0.000324
0.320 -0.000318
0.325 -0.000311
0.330 -0.000304
0.335 -0.000300
0.340 -0.000295
0.345 -0.000290
0.350 -0.000280
0.355 -0.000270
0.360 -0.000263
0.365 -0.000257
0.370 -0.000251
0.375 -0.000245
0.380 -0.000239
0.385 -0.000232
0.390 -0.000222
0.395 -0.000213
0.400 -0.000205
0.405 -0.000196
0.410 -0.000187
0.415 -0.000176
0.420 -0.000166
0.425 -0.000152
0.430 -0.000138
0.435 -0.000125
0.440 -0.000116
0.445 -0.000107
0.450 -0.000095
0.455 -0.000083
0.460 -0.000070
0.465 -0.000057
0.470 -0.000043
0.475 -0.000029
0.480 -0.000014
0.485 -0.000000
0.490 0.000012
0.495 0.000024
0.500 0.000038
0.505 0.000053
0.510 0.000068
0.515 0.000084
0.520 0.000100
0.525 0.000113
0.530 0.000123
0.535 0.000132
0.540 0.000141
0.545 0.000151
0.550 0.000161
0.555 0.000174
0.560 0.000187
0.565 0.000198
0.570 0.000210
0.575 0.000220
0.580 0.000228
0.585 0.000236
0.590 0.000246
0.595 0.000258
0.600 0.000270
0.605 0.000284
0.610 0.000298
0.615 0.000310
0.620 0.000318
0.625 0.000327
0.630 0.000333
0.635 0.000340
0.640 0.000346
0.645 0.000354
0.650 0.000361
0.655 0.000368
0.660 0.000376
0.665 0.000382
0.670 0.000383
0.675 0.000385
0.680 0.000384
0.685 0.000383
0.690 0.000381
0.695 0.000376
0.700 0.000372
0.705 0.000366
0.710 0.000359
0.715 0.000352
0.720 0.000347
0.725 0.000342
0.730 0.000336
0.735 0.000330
0.740 0.000324
0.745 0.000319
0.750 0.000314
0.755 0.000307
0.760 0.000300
0.765 0.000292
0.770 0.000285
0.775 0.000277
0.780 0.000269
0.785 0.000258
0.790 0.000247
0.795 0.000240
0.800 0.000235
0.805 0.000229
0.810 0.000220
0.815 0.000210
0.820 0.000200
0.825 0.000188
0.830 0.000177
0.835 0.000161
0.840 0.000145
0.845 0.000131
0.850 0.000119
0.855 0.000108
0.860 0.000092
0.865 0.000076
0.870 0.000061
0.875 0.000048
0.880 0.000036
0.885 0.000022
0.890 0.000008
0.895 -0.000006
0.900 -0.000021
0.905 -0.000037
0.910 -0.000050
0.915 -0.000061
0.920 -0.000072
0.925 -0.000081
0.930 -0.000090
0.935 -0.000101
0.940 -0.000114
0.945 -0.000127
0.950 -0.000138
0.955 -0.000149
0.960 -0.000158
0.965 -0.000166
0.970 -0.000174
0.975 -0.000185
0.980 -0.000196
0.985 -0.000206
0.990 -0.000217
0.995 -0.000228
1.000 -0.000236
1.005 -0.000243
1.010 -0.000249
1.015 -0.000256
1.020 -0.000263
1.025 -0.000271
1.030 -0.000279
1.035 -0.000287
1.040 -0.000290
1.045 -0.000293
1.050 -0.000295
1.055 -0.000296
1.060 -0.000296
1.065 -0.000296
1.070 -0.000295
1.075 -0.000294
1.080 -0.000290
1.085 -0.000287
1.090 -0.000282
1.095 -0.000277
1.100 -0.000272
1.105 -0.000264
1.110 -0.000257
1.115 -0.000251
1.120 -0.000246
1.125 -0.000241
1.130 -0.000232
1.135 -0.000223
1.140 -0.000214
1.145 -0.000205
1.150 -0.000195
1.155 -0.000185
1.160 -0.000175
1.165 -0.000164
1.170 -0.000152
1.175 -0.000140
1.180 -0.000130
1.185 -0.000121
1.190 -0.000112
1.195 -0.000101
1.200 -0.000090
1.205 -0.000077
1.210 -0.000062
1.215 -0.000048
1.220 -0.000036
1.225 -0.000024
1.230 -0.000015
1.235 -0.000008
1.240 -0.000001
1.245 0.000014
1.250 0.000028
1.255 0.000042
1.260 0.000053
1.265 0.000065
1.270 0.000077
1.275 0.000089
1.280 0.000102
1.285 0.000114
1.290 0.000126
1.295 0.000135
1.300 0.000144
1.305 0.000152
1.310 0.000160
1.315 0.000168
1.320 0.000176
1.325 0.000184
1.330 0.000192
1.335 0.000198
1.340 0.000204
1.345 0.000211
1.350 0.000217
1.355 0.000223
1.360 0.000232
1.365 0.000241
1.370 0.000249
1.375 0.000257
1.380 0.000264
1.385 0.000269
1.390 0.000274
1.395 0.000279
1.400 0.000284
1.405 0.000289
1.410 0.000293
1.415 0.000297
1.420 0.000300
1.425 0.000296
1.430 0.000293
1.435 0.000290
1.440 0.000287
1.445 0.000285
1.450 0.000284
1.455 0.000284
1.460 0.000281
1.465 0.000277
1.470 0.000273
1.475 0.000266
1.480 0.000258
1.485 0.000250
1.490 0.000241
1.495 0.000233
1.500 0.000227
1.505 0.000221
1.510 0.000215
1.515 0.000208
1.520 0.000201
1.525 0.000194
1.530 0.000188
1.535 0.000180
1.540 0.000168
1.545 0.000156
1.550 0.000144
1.555 0.000132
1.560 0.000120
1.565 0.000105
1.570 0.000091
1.575 0.000077
1.580 0.000065
1.585 0.000053
1.590 0.000040
1.595 0.000027
1.600 0.000015
1.605 0.000004
1.610 -0.000006
1.615 -0.000016
1.620 -0.000027
1.625 -0.000037
1.630 -0.000046
1.635 -0.000056
1.640 -0.000066
1.645 -0.000077
1.650 -0.000089
1.655 -0.000102
1.660 -0.000115
1.665 -0.000127
1.670 -0.000138
1.675 -0.000148
1.680 -0.000154
1.685 -0.000160
1.690 -0.000165
1.695 -0.000171
1.700 -0.000177
1.705 -0.000186
1.710 -0.000196
1.715 -0.000203
1.720 -0.000207
1.725 -0.000211
1.730 -0.000215
1.735 -0.000219
1.740 -0.000223
1.745 -0.000226
1.750 -0.000230
1.755 -0.000234
1.760 -0.000239
1.765 -0.000244
1.770 -0.000250
1.775 -0.000255
1.780 -0.000258
1.785 -0.000260
1.790 -0.000261
1.795 -0.000267
1.800 -0.000272
1.805 -0.000274
1.810 -0.000271
1.815 -0.000268
1.820 -0.000265
1.825 -0.000263
1.830 -0.000260
1.835 -0.000257
1.840 -0.000253
1.845 -0.000249
1.850 -0.000244
1.855 -0.000238
1.860 -0.000228
1.865 -0.000219
1.870 -0.000212
1.875 -0.000207
1.880 -0.000202
1.885 -0.000195
1.890 -0.000189
1.895 -0.000183
1.900 -0.000177
1.905 -0.000170
1.910 -0.000162
1.915 -0.000153
1.920 -0.000144
1.925 -0.000133
1.930 -0.000123
1.935 -0.000111
1.940 -0.000099
1.945 -0.000087
1.950 -0.000074
1.955 -0.000060
1.960 -0.000047
1.965 -0.000035
1.970 -0.000022
1.975 -0.000008
1.980 0.000005
1.985 0.000017
1.990 0.000029
1.995 0.000041
2.000 0.000055
2.005 0.000070
2.010 0.000081
2.015 0.000087
2.020 0.000092
2.025 0.000104
2.030 0.000116
2.035 0.000127
2.040 0.000138
2.045 0.000149
2.050 0.000160
2.055 0.000171
2.060 0.000182
2.065 0.000191
2.070 0.000199
2.075 0.000207
2.080 0.000215
2.085 0.000222
2.090 0.000231
2.095 0.000241
2.100 0.000248
2.105 0.000254
2.110 0.000260
2.115 0.000263
2.120 0.000266
2.125 0.000268
2.130 0.000268
2.135 0.000269
2.140 0.000270
2.145 0.000271
2.150 0.000272
2.155 0.000269
2.160 0.000267
2.165 0.000262
2.170 0.000257
2.175 0.000252
2.180 0.000253
2.185 0.000254
2.190 0.000251
2.195 0.000246
2.200 0.000241
2.205 0.000234
2.210 0.000227
2.215 0.000219
2.220 0.000210
2.225 0.000200
2.230 0.000192
2.235 0.000185
2.240 0.000176
2.245 0.000165
2.250 0.000154
2.255 0.000145
2.260 0.000137
2.265 0.000129
2.270 0.000120
2.275 0.000112
2.280 0.000103
2.285 0.000093
2.290 0.000082
2.295 0.000067
2.300 0.000052
2.305 0.000037
2.310 0.000023
2.315 0.000009
2.320 -0.000004
2.325 -0.000016
2.330 -0.000028
2.335 -0.000039
2.340 -0.000049
2.345 -0.000060
2.350 -0.000071
2.355 -0.000083
2.360 -0.000096
2.365 -0.000109
2.370 -0.000121
2.375 -0.000132
2.380 -0.000144
2.385 -0.000156
2.390 -0.000168
2.395 -0.000177
2.400 -0.000184
2.405 -0.000191
2.410 -0.000203
2.415 -0.000215
2.420 -0.000225
2.425 -0.000233
2.430 -0.000242
2.435 -0.000254
2.440 -0.000266
2.445 -0.000277
2.450 -0.000285
2.455 -0.000294
2.460 -0.000301
2.465 -0.000308
2.470 -0.000313
2.475 -0.000314
2.480 -0.000315
2.485 -0.000316
2.490 -0.000318
2.495 -0.000320
2.500 -0.000323
2.505 -0.000325
2.510 -0.000327
2.515 -0.000328
2.520 -0.000329
2.525 -0.000330
2.530 -0.000330
2.535 -0.000328
2.540 -0.000321
2.545 -0.000315
2.550 -0.000306
2.555 -0.000297
2.560 -0.000289
2.565 -0.000284
2.570 -0.000278
2.575 -0.000271
2.580 -0.000263
2.585 -0.000256
2.590 -0.000247
2.595 -0.000239
2.600 -0.000229
2.605 -0.000219
2.610 -0.000208
2.615 -0.000198
2.620 -0.000188
2.625 -0.000176
2.630 -0.000162
2.635 -0.000149
2.640 -0.000138
2.645 -0.000127
2.650 -0.000116
2.655 -0.000106
2.660 -0.000095
2.665 -0.000086
2.670 -0.000078
2.675 -0.000067
2.680 -0.000051
2.685 -0.000036
2.690 -0.000020
2.695 -0.000003
2.700 0.000013
2.705 0.000027
2.710 0.000041
2.715 0.000053
2.720 0.000063
2.725 0.000073
2.730 0.000083
2.735 0.000092
2.740 0.000103
2.745 0.000113
2.750 0.000124
2.755 0.000137
2.760 0.000149
2.765 0.000163
2.770 0.000177
2.775 0.000190
2.780 0.000201
2.785 0.000212
2.790 0.000222
2.795 0.000230
2.800 0.000239
2.805 0.000246
2.810 0.000252
2.815 0.000260
2.820 0.000270
2.825 0.000280
2.830 0.000288
2.835 0.000296
2.840 0.000303
2.845 0.000305
2.850 0.000307
2.855 0.000307
2.860 0.000305
2.865 0.000303
2.870 0.000301
2.875 0.000298
2.880 0.000296
2.885 0.000296
2.890 0.000297
2.895 0.000295
2.900 0.000293
2.905 0.000291
2.910 0.000291
2.915 0.000291
2.920 0.000290
2.925 0.000288
2.930 0.000286
2.935 0.000284
2.940 0.000282
2.945 0.000280
2.950 0.000278
2.955 0.000276
2.960 0.000270
2.965 0.000264
2.970 0.000257
2.975 0.000250
2.980 0.000243
2.985 0.000233
2.990 0.000223
2.995 0.000213
3.000 0.000205
3.005 0.000197
3.010 0.000187
3.015 0.000176
3.020 0.000166
3.025 0.000158
3.030 0.000149
3.035 0.000140
3.040 0.000132
3.045 0.000123
3.050 0.000112
3.055 0.000102
3.060 0.000090
3.065 0.000078
3.070 0.000066
3.075 0.000054
3.080 0.000043
3.085 0.000029
3.090 0.000013
3.095 -0.000002
3.100 -0.000016
3.105 -0.000029
3.110 -0.000041
3.115 -0.000052
3.120 -0.000063
3.125 -0.000074
3.130 -0.000085
3.135 -0.000096
3.140 -0.000107
3.145 -0.000118
3.150 -0.000129
3.155 -0.000142
3.160 -0.000154
3.165 -0.000165
3.170 -0.000175
3.175 -0.000185
3.180 -0.000192
3.185 -0.000199
3.190 -0.000206
3.195 -0.000212
3.200 -0.000219
3.205 -0.000226
3.210 -0.000233
3.215 -0.000237
3.220 -0.000241
3.225 -0.000244
3.230 -0.000244
3.235 -0.000243
3.240 -0.000246
3.245 -0.000249
3.250 -0.000252
3.255 -0.000254
3.260 -0.000256
3.265 -0.000259
3.270 -0.000261
3.275 -0.000264
3.280 -0.000262
3.285 -0.000260
3.290 -0.000258
3.295 -0.000257
3.300 -0.000256
3.305 -0.000257
3.310 -0.000258
3.315 -0.000259
3.320 -0.000259
3.325 -0.000259
3.330 -0.000257
3.335 -0.000255
3.340 -0.000252
3.345 -0.000248
3.350 -0.000244
3.355 -0.000238
3.360 -0.000233
3.365 -0.000227
3.370 -0.000220
3.375 -0.000213
3.380 -0.000205
3.385 -0.000196
3.390 -0.000186
3.395 -0.000172
3.400 -0.000159
3.405 -0.000147
3.410 -0.000137
3.415 -0.000127
3.420 -0.000119
3.425 -0.000112
3.430 -0.000103
3.435 -0.000091
3.440 -0.000078
3.445 -0.000068
3.450 -0.000059
3.455 -0.000049
3.460 -0.000036
3.465 -0.000024
3.470 -0.000009
3.475 0.000008
3.480 0.000024
3.485 0.000038
3.490 0.000053
3.495 0.000065
3.500 0.000075
3.505 0.000085
3.510 0.000098
3.515 0.000112
3.520 0.000123
3.525 0.000132
3.530 0.000140
3.535 0.000148
3.540 0.000157
3.545 0.000165
3.550 0.000172
3.555 0.000179
3.560 0.000186
3.565 0.000193
3.570 0.000200
3.575 0.000208
3.580 0.000215
3.585 0.000222
3.590 0.000229
3.595 0.000235
3.600 0.000236
3.605 0.000237
3.610 0.000238
3.615 0.000238
3.620 0.000238
3.625 0.000240
3.630 0.000243
3.635 0.000244
3.640 0.000246
3.645 0.000247
3.650 0.000248
3.655 0.000248
3.660 0.000247
3.665 0.000244
3.670 0.000241
3.675 0.000237
3.680 0.000233
3.685 0.000229
3.690 0.000223
3.695 0.000218
3.700 0.000212
3.705 0.000205
3.710 0.000198
3.715 0.000191
3.720 0.000183
3.725 0.000176
3.730 0.000170
3.735 0.000163
3.740 0.000156
3.745 0.000147
3.750 0.000140
3.755 0.000133
3.760 0.000126
3.765 0.000116
3.770 0.000104
3.775 0.000092
3.780 0.000077
3.785 0.000061
3.790 0.000049
3.795 0.000039
3.800 0.000029
3.805 0.000018
3.810 0.000008
3.815 -0.000002
3.820 -0.000012
3.825 -0.000022
3.830 -0.000032
3.835 -0.000042
3.840 -0.000053
3.845 -0.000066
3.850 -0.000079
3.855 -0.000093
3.860 -0.000107
3.865 -0.000119
3.870 -0.000127
3.875 -0.000135
3.880 -0.000142
3.885 -0.000149
3.890 -0.000157
3.895 -0.000168
3.900 -0.000179
3.905 -0.000189
3.910 -0.000198
3.915 -0.000206
3.920 -0.000211
3.925 -0.000216
3.930 -0.000221
3.935 -0.000225
3.940 -0.000230
3.945 -0.000233
3.950 -0.000237
3.955 -0.000241
3.960 -0.000246
3.965 -0.000252
3.970 -0.000256
3.975 -0.000260
3.980 -0.000263
3.985 -0.000265
3.990 -0.000267
3.995 -0.000268
4.000 -0.000269
4.005 -0.000269
4.010 -0.000267
4.015 -0.000265
4.020 -0.000262
4.025 -0.000259
4.030 -0.000255
4.035 -0.000252
4.040 -0.000248
4.045 -0.000244
4.050 -0.000240
4.055 -0.000236
4.060 -0.000232
4.065 -0.000228
4.070 -0.000224
4.075 -0.000218
4.080 -0.000212
4.085 -0.000205
4.090 -0.000198
4.095 -0.000190
4.100 -0.000184
4.105 -0.000177
4.110 -0.000170
4.115 -0.000164
4.120 -0.000156
4.125 -0.000145
4.130 -0.000133
4.135 -0.000124
4.140 -0.000116
4.145 -0.000109
4.150 -0.000100
4.155 -0.000090
4.160 -0.000079
4.165 -0.000067
4.170 -0.000055
4.175 -0.000043
4.180 -0.000031
4.185 -0.000020
4.190 -0.000008
4.195 0.000003
4.200 0.000013
4.205 0.000022
4.210 0.000031
4.215 0.000040
4.220 0.000049
4.225 0.000057
4.230 0.000064
4.235 0.000071
4.240 0.000082
4.245 0.000094
4.250 0.000103
4.255 0.000110
4.260 0.000117
4.265 0.000122
4.270 0.000128
4.275 0.000133
4.280 0.000139
4.285 0.000144
4.290 0.000151
4.295 0.000158
4.300 0.000164
4.305 0.000167
4.310 0.000170
4.315 0.000172
4.320 0.000175
4.325 0.000178
4.330 0.000182
4.335 0.000186
4.340 0.000189
4.345 0.000191
4.350 0.000192
4.355 0.000193
4.360 0.000194
4.365 0.000196
4.370 0.000198
4.375 0.000201
4.380 0.000202
4.385 0.000203
4.390 0.000204
4.395 0.000204
4.400 0.000204
4.405 0.000202
4.410 0.000199
4.415 0.000196
4.420 0.000190
4.425 0.000185
4.430 0.000178
4.435 0.000170
4.440 0.000162
4.445 0.000156
4.450 0.000150
4.455 0.000143
4.460 0.000136
4.465 0.000129
4.470 0.000125
4.475 0.000121
4.480 0.000116
4.485 0.000110
4.490 0.000103
4.495 0.000097
4.500 0.000091
4.505 0.000084
4.510 0.000077
4.515 0.000070
4.520 0.000062
4.525 0.000054
4.530 0.000046
4.535 0.000037
4.540 0.000029
4.545 0.000020
4.550 0.000010
4.555 0.000000
4.560 -0.000015
4.565 -0.000029
4.570 -0.000043
4.575 -0.000056
4.580 -0.000069
4.585 -0.000080
4.590 -0.000090
4.595 -0.000101
4.600 -0.000113
4.605 -0.000124
4.610 -0.000133
4.615 -0.000140
4.620 -0.000148
4.625 -0.000158
4.630 -0.000168
4.635 -0.000176
4.640 -0.000183
4.645 -0.000190
4.650 -0.000196
4.655 -0.000202
4.660 -0.000207
4.665 -0.000211
4.670 -0.000216
4.675 -0.000222
4.680 -0.000229
4.685 -0.000233
4.690 -0.000234
4.695 -0.000235
4.700 -0.000236
4.705 -0.000238
4.710 -0.000239
4.715 -0.000243
4.720 -0.000246
4.725 -0.000246
4.730 -0.000245
4.735 -0.000244
4.740 -0.000247
4.745 -0.000249
4.750 -0.000252
4.755 -0.000254
4.760 -0.000257
4.765 -0.000257
4.770 -0.000257
4.775 -0.000255
4.780 -0.000252
4.785 -0.000249
4.790 -0.000244
4.795 -0.000237
4.800 -0.000232
4.805 -0.000226
4.810 -0.000220
4.815 -0.000209
4.820 -0.000196
4.825 -0.000185
4.830 -0.000179
4.835 -0.000174
4.840 -0.000166
4.845 -0.000158
4.850 -0.000150
4.855 -0.000142
4.860 -0.000135
4.865 -0.000127
4.870 -0.000118
4.875 -0.000109
4.880 -0.000100
4.885 -0.000091
4.890 -0.000083
4.895 -0.000076
4.900 -0.000069
4.905 -0.000058
4.910 -0.000045
4.915 -0.000035
4.920 -0.000029
4.925 -0.000023
4.930 -0.000018
4.935 -0.000013
4.940 -0.000006
4.945 0.000007
4.950 0.000019
4.955 0.000031
4.960 0.000042
4.965 0.000053
4.970 0.000069
4.975 0.000084
4.980 0.000098
4.985 0.000111
4.990 0.000124
4.995 0.000131
5.000 0.000138
5.005 0.000145
5.010 0.000153
5.015 0.000162
5.020 0.000165
5.025 0.000168
5.030 0.000171
5.035 0.000174
5.040 0.000177
5.045 0.000180
5.050 0.000183
5.055 0.000187
5.060 0.000195
5.065 0.000202
5.070 0.000207
5.075 0.000210
5.080 0.000213
5.085 0.000218
5.090 0.000223
5.095 0.000226
5.100 0.000227
5.105 0.000228
5.110 0.000225
5.115 0.000222
5.120 0.000221
5.125 0.000225
5.130 0.000228
5.135 0.000229
5.140 0.000229
5.145 0.000228
5.150 0.000225
5.155 0.000221
5.160 0.000215
5.165 0.000207
5.170 0.000200
5.175 0.000191
5.180 0.000181
5.185 0.000175
5.190 0.000170
5.195 0.000165
5.200 0.000155
5.205 0.000144
5.210 0.000138
5.215 0.000136
5.220 0.000135
5.225 0.000132
5.230 0.000130
5.235 0.000125
5.240 0.000117
5.245 0.000108
5.250 0.000099
5.255 0.000089
5.260 0.000079
5.265 0.000070
5.270 0.000061
5.275 0.000052
5.280 0.000044
5.285 0.000034
5.290 0.000022
5.295 0.000009
5.300 -0.000001
5.305 -0.000008
5.310 -0.000016
5.315 -0.000021
5.320 -0.000027
5.325 -0.000032
5.330 -0.000036
5.335 -0.000039
5.340 -0.000044
5.345 -0.000049
5.350 -0.000056
5.355 -0.000068
5.360 -0.000080
5.365 -0.000091
5.370 -0.000101
5.375 -0.000111
5.380 -0.000115
5.385 -0.000120
5.390 -0.000126
5.395 -0.000133
5.400 -0.000140
5.405 -0.000143
5.410 -0.000147
5.415 -0.000149
5.420 -0.000151
5.425 -0.000153
5.430 -0.000155
5.435 -0.000157
5.440 -0.000160
5.445 -0.000167
5.450 -0.000173
5.455 -0.000180
5.460 -0.000187
5.465 -0.000193
5.470 -0.000197
5.475 -0.000202
5.480 -0.000203
5.485 -0.000204
5.490 -0.000204
5.495 -0.000200
5.500 -0.000196
5.505 -0.000196
5.510 -0.000199
5.515 -0.000201
5.520 -0.000199
5.525 -0.000197
5.530 -0.000193
5.535 -0.000186
5.540 -0.000180
5.545 -0.000173
5.550 -0.000166
5.555 -0.000159
5.560 -0.000150
5.565 -0.000142
5.570 -0.000134
5.575 -0.000126
5.580 -0.000118
5.585 -0.000108
5.590 -0.000098
5.595 -0.000091
5.600 -0.000085
5.605 -0.000080
5.610 -0.000073
5.615 -0.000066
5.620 -0.000059
5.625 -0.000051
5.630 -0.000043
5.635 -0.000032
5.640 -0.000022
5.645 -0.000012
5.650 -0.000002
5.655 0.000007
5.660 0.000016
5.665 0.000024
5.670 0.000033
5.675 0.000043
5.680 0.000052
5.685 0.000062
5.690 0.000071
5.695 0.000080
5.700 0.000090
5.705 0.000100
5.710 0.000107
5.715 0.000113
5.720 0.000120
5.725 0.000127
5.730 0.000134
5.735 0.000139
5.740 0.000142
5.745 0.000145
5.750 0.000152
5.755 0.000159
5.760 0.000166
5.765 0.000174
5.770 0.000182
5.775 0.000188
5.780 0.000194
5.785 0.000199
5.790 0.000200
5.795 0.000201
5.800 0.000202
5.805 0.000202
5.810 0.000203
5.815 0.000207
5.820 0.000211
5.825 0.000213
5.830 0.000214
5.835 0.000215
5.840 0.000219
5.845 0.000224
5.850 0.000226
5.855 0.000228
5.860 0.000229
5.865 0.000230
5.870 0.000230
5.875 0.000229
5.880 0.000228
5.885 0.000226
5.890 0.000224
5.895 0.000221
5.900 0.000218
5.905 0.000210
5.910 0.000202
5.915 0.000194
5.920 0.000185
5.925 0.000177
5.930 0.000169
5.935 0.000161
5.940 0.000153
5.945 0.000146
5.950 0.000139
5.955 0.000131
5.960 0.000122
5.965 0.000114
5.970 0.000108
5.975 0.000102
5.980 0.000094
5.985 0.000087
5.990 0.000079
5.995 0.000070
6.000 0.000061
6.005 0.000051
6.010 0.000040
6.015 0.000030
6.020 0.000023
6.025 0.000015
6.030 0.000008
6.035 0.000001
6.040 -0.000006
6.045 -0.000015
6.050 -0.000024
6.055 -0.000033
6.060 -0.000044
6.065 -0.000054
6.070 -0.000063
6.075 -0.000071
6.080 -0.000080
6.085 -0.000087
6.090 -0.000095
6.095 -0.000103
6.100 -0.000112
6.105 -0.000121
6.110 -0.000131
6.115 -0.000140
6.120 -0.000146
6.125 -0.000151
6.130 -0.000155
6.135 -0.000158
6.140 -0.000160
6.145 -0.000164
6.150 -0.000168
6.155 -0.000172
6.160 -0.000177
6.165 -0.000182
6.170 -0.000184
6.175 -0.000185
6.180 -0.000186
6.185 -0.000186
6.190 -0.000186
6.195 -0.000187
6.200 -0.000188
6.205 -0.000190
6.210 -0.000188
6.215 -0.000185
6.220 -0.000183
6.225 -0.000181
6.230 -0.000180
6.235 -0.000179
6.240 -0.000179
6.245 -0.000178
6.250 -0.000175
6.255 -0.000171
6.260 -0.000168
6.265 -0.000165
6.270 -0.000162
6.275 -0.000154
6.280 -0.000147
6.285 -0.000138
6.290 -0.000128
6.295 -0.000117
6.300 -0.000108
6.305 -0.000100
6.310 -0.000091
6.315 -0.000081
6.320 -0.000070
6.325 -0.000062
6.330 -0.000053
6.335 -0.000045
6.340 -0.000037
6.345 -0.000029
6.350 -0.000024
6.355 -0.000019
6.360 -0.000015
6.365 -0.000008
6.370 -0.000002
6.375 0.000006
6.380 0.000014
6.385 0.000023
6.390 0.000033
6.395 0.000042
6.400 0.000051
6.405 0.000059
6.410 0.000066
6.415 0.000073
6.420 0.000079
6.425 0.000086
6.430 0.000095
6.435 0.000104
6.440 0.000113
6.445 0.000123
6.450 0.000131
6.455 0.000137
6.460 0.000142
6.465 0.000149
6.470 0.000156
6.475 0.000164
6.480 0.000170
6.485 0.000177
6.490 0.000184
6.495 0.000193
6.500 0.000201
6.505 0.000209
6.510 0.000217
6.515 0.000223
6.520 0.000227
6.525 0.000232
6.530 0.000233
6.535 0.000234
6.540 0.000236
6.545 0.000243
6.550 0.000250
6.555 0.000255
6.560 0.000258
6.565 0.000262
6.570 0.000262
6.575 0.000263
6.580 0.000263
6.585 0.000263
6.590 0.000263
6.595 0.000262
6.600 0.000262
6.605 0.000260
6.610 0.000256
6.615 0.000252
6.620 0.000249
6.625 0.000246
6.630 0.000243
6.635 0.000241
6.640 0.000239
6.645 0.000235
6.650 0.000231
6.655 0.000227
6.660 0.000221
6.665 0.000216
6.670 0.000209
6.675 0.000203
6.680 0.000196
6.685 0.000189
6.690 0.000182
6.695 0.000174
6.700 0.000165
6.705 0.000155
6.710 0.000145
6.715 0.000135
6.720 0.000125
6.725 0.000116
6.730 0.000106
6.735 0.000097
6.740 0.000089
6.745 0.000081
6.750 0.000074
6.755 0.000068
6.760 0.000059
6.765 0.000049
6.770 0.000039
6.775 0.000030
6.780 0.000022
6.785 0.000013
6.790 0.000004
6.795 -0.000005
6.800 -0.000015
6.805 -0.000025
6.810 -0.000034
6.815 -0.000041
6.820 -0.000048
6.825 -0.000056
6.830 -0.000064
6.835 -0.000071
6.840 -0.000077
6.845 -0.000083
6.850 -0.000092
6.855 -0.000102
6.860 -0.000112
6.865 -0.000121
6.870 -0.000130
6.875 -0.000138
6.880 -0.000145
6.885 -0.000152
6.890 -0.000156
6.895 -0.000159
6.900 -0.000163
6.905 -0.000167
6.910 -0.000171
6.915 -0.000175
6.920 -0.000179
6.925 -0.000183
6.930 -0.000188
6.935 -0.000192
6.940 -0.000193
6.945 -0.000193
6.950 -0.000192
6.955 -0.000189
6.960 -0.000187
6.965 -0.000185
6.970 -0.000184
6.975 -0.000182
6.980 -0.000183
6.985 -0.000183
6.990 -0.000181
6.995 -0.000178
7.000 -0.000174
7.005 -0.000173
7.010 -0.000171
7.015 -0.000168
7.020 -0.000165
7.025 -0.000162
7.030 -0.000157
7.035 -0.000152
7.040 -0.000147
7.045 -0.000142
7.050 -0.000136
7.055 -0.000130
7.060 -0.000124
7.065 -0.000118
7.070 -0.000111
7.075 -0.000104
7.080 -0.000096
7.085 -0.000088
7.090 -0.000079
7.095 -0.000072
7.100 -0.000064
7.105 -0.000054
7.110 -0.000043
7.115 -0.000032
7.120 -0.000024
7.125 -0.000015
7.130 -0.000009
7.135 -0.000006
7.140 -0.000002
7.145 0.000003
7.150 0.000009
7.155 0.000015
7.160 0.000021
7.165 0.000028
7.170 0.000035
7.175 0.000042
7.180 0.000050
7.185 0.000058
7.190 0.000066
7.195 0.000071
7.200 0.000074
7.205 0.000078
7.210 0.000088
7.215 0.000098
7.220 0.000107
7.225 0.000114
7.230 0.000120
7.235 0.000127
7.240 0.000134
7.245 0.000141
7.250 0.000149
7.255 0.000157
7.260 0.000164
7.265 0.000170
7.270 0.000175
7.275 0.000177
7.280 0.000179
7.285 0.000180
7.290 0.000181
7.295 0.000183
7.300 0.000185
7.305 0.000188
7.310 0.000188
7.315 0.000187
7.320 0.000186
7.325 0.000184
7.330 0.000183
7.335 0.000182
7.340 0.000182
7.345 0.000181
7.350 0.000179
7.355 0.000176
7.360 0.000173
7.365 0.000172
7.370 0.000170
7.375 0.000164
7.380 0.000158
7.385 0.000153
7.390 0.000150
7.395 0.000147
7.400 0.000142
7.405 0.000135
7.410 0.000127
7.415 0.000118
7.420 0.000110
7.425 0.000102
7.430 0.000094
7.435 0.000087
7.440 0.000080
7.445 0.000073
7.450 0.000066
7.455 0.000060
7.460 0.000053
7.465 0.000046
7.470 0.000040
7.475 0.000032
7.480 0.000024
7.485 0.000016
7.490 0.000008
7.495 0.000000
7.500 -0.000007
7.505 -0.000015
7.510 -0.000024
7.515 -0.000030
7.520 -0.000035
7.525 -0.000040
7.530 -0.000045
7.535 -0.000049
7.540 -0.000053
7.545 -0.000058
7.550 -0.000062
7.555 -0.000069
7.560 -0.000075
7.565 -0.000082
7.570 -0.000088
7.575 -0.000095
7.580 -0.000100
7.585 -0.000106
7.590 -0.000112
7.595 -0.000120
7.600 -0.000128
7.605 -0.000136
7.610 -0.000144
7.615 -0.000152
7.620 -0.000160
7.625 -0.000169
7.630 -0.000175
7.635 -0.000180
7.640 -0.000185
7.645 -0.000187
7.650 -0.000189
7.655 -0.000193
7.660 -0.000198
7.665 -0.000202
7.670 -0.000202
7.675 -0.000201
7.680 -0.000201
7.685 -0.000202
7.690 -0.000203
7.695 -0.000204
7.700 -0.000205
7.705 -0.000206
7.710 -0.000206
7.715 -0.000206
7.720 -0.000205
7.725 -0.000202
7.730 -0.000199
7.735 -0.000195
7.740 -0.000190
7.745 -0.000187
7.750 -0.000184
7.755 -0.000181
7.760 -0.000176
7.765 -0.000170
7.770 -0.000165
7.775 -0.000161
7.780 -0.000156
7.785 -0.000150
7.790 -0.000144
7.795 -0.000136
7.800 -0.000126
7.805 -0.000115
7.810 -0.000107
7.815 -0.000099
7.820 -0.000091
7.825 -0.000084
7.830 -0.000077
7.835 -0.000068
7.840 -0.000058
7.845 -0.000048
7.850 -0.000039
7.855 -0.000031
7.860 -0.000021
7.865 -0.000011
7.870 -0.000001
7.875 0.000004
7.880 0.000008
7.885 0.000014
7.890 0.000020
7.895 0.000026
7.900 0.000037
7.905 0.000048
7.910 0.000058
7.915 0.000069
7.920 0.000079
7.925 0.000087
7.930 0.000094
7.935 0.000101
7.940 0.000107
7.945 0.000114
7.950 0.000124
7.955 0.000136
7.960 0.000148
7.965 0.000156
7.970 0.000164
7.975 0.000171
7.980 0.000178
7.985 0.000185
7.990 0.000195
7.995 0.000205
8.000 0.000215
8.005 0.000226
8.010 0.000237
8.015 0.000244
8.020 0.000250
8.025 0.000254
8.030 0.000253
8.035 0.000252
8.040 0.000255
8.045 0.000260
8.050 0.000265
8.055 0.000263
8.060 0.000262
8.065 0.000262
8.070 0.000263
8.075 0.000264
8.080 0.000263
8.085 0.000262
8.090 0.000261
8.095 0.000258
8.100 0.000255
8.105 0.000249
8.110 0.000242
8.115 0.000236
8.120 0.000232
8.125 0.000227
8.130 0.000224
8.135 0.000221
8.140 0.000217
8.145 0.000212
8.150 0.000207
8.155 0.000203
8.160 0.000199
8.165 0.000194
8.170 0.000185
8.175 0.000176
8.180 0.000167
8.185 0.000160
8.190 0.000152
8.195 0.000144
8.200 0.000135
8.205 0.000127
8.210 0.000119
8.215 0.000111
8.220 0.000099
8.225 0.000085
8.230 0.000072
8.235 0.000060
8.240 0.000048
8.245 0.000039
8.250 0.000031
8.255 0.000023
8.260 0.000017
8.265 0.000011
8.270 0.000005
8.275 -0.000003
8.280 -0.000011
8.285 -0.000020
8.290 -0.000030
8.295 -0.000039
8.300 -0.000050
8.305 -0.000060
8.310 -0.000070
8.315 -0.000080
8.320 -0.000089
8.325 -0.000097
8.330 -0.000105
8.335 -0.000114
8.340 -0.000124
8.345 -0.000133
8.350 -0.000137
8.355 -0.000141
8.360 -0.000145
8.365 -0.000149
8.370 -0.000153
8.375 -0.000158
8.380 -0.000163
8.385 -0.000168
8.390 -0.000174
8.395 -0.000179
8.400 -0.000183
8.405 -0.000187
8.410 -0.000189
8.415 -0.000187
8.420 -0.000185
8.425 -0.000184
8.430 -0.000184
8.435 -0.000184
8.440 -0.000183
8.445 -0.000183
8.450 -0.000182
8.455 -0.000182
8.460 -0.000180
8.465 -0.000174
8.470 -0.000168
8.475 -0.000163
8.480 -0.000157
8.485 -0.000152
8.490 -0.000146
8.495 -0.000140
8.500 -0.000136
8.505 -0.000132
8.510 -0.000129
8.515 -0.000124
8.520 -0.000119
8.525 -0.000114
8.530 -0.000108
8.535 -0.000103
8.540 -0.000102
8.545 -0.000102
8.550 -0.000098
8.555 -0.000089
8.560 -0.000080
8.565 -0.000075
8.570 -0.000071
8.575 -0.000066
8.580 -0.000059
8.585 -0.000051
8.590 -0.000043
8.595 -0.000035
8.600 -0.000026
8.605 -0.000016
8.610 -0.000006
8.615 0.000003
8.620 0.000010
8.625 0.000017
8.630 0.000023
8.635 0.000030
8.640 0.000036
8.645 0.000041
8.650 0.000046
8.655 0.000051
8.660 0.000057
8.665 0.000062
8.670 0.000068
8.675 0.000074
8.680 0.000079
8.685 0.000084
8.690 0.000089
8.695 0.000095
8.700 0.000101
8.705 0.000108
8.710 0.000115
8.715 0.000123
8.720 0.000123
8.725 0.000124
8.730 0.000125
8.735 0.000127
8.740 0.000129
8.745 0.000132
8.750 0.000134
8.755 0.000136
8.760 0.000135
8.765 0.000135
8.770 0.000136
8.775 0.000138
8.780 0.000140
8.785 0.000141
8.790 0.000142
8.795 0.000142
8.800 0.000141
8.805 0.000140
8.810 0.000136
8.815 0.000132
8.820 0.000129
8.825 0.000128
8.830 0.000126
8.835 0.000125
8.840 0.000123
8.845 0.000122
8.850 0.000119
8.855 0.000117
8.860 0.000113
8.865 0.000110
8.870 0.000106
8.875 0.000100
8.880 0.000095
8.885 0.000091
8.890 0.000087
8.895 0.000084
8.900 0.000080
8.905 0.000075
8.910 0.000071
8.915 0.000067
8.920 0.000062
8.925 0.000063
8.930 0.000063
8.935 0.000060
8.940 0.000054
8.945 0.000048
8.950 0.000040
8.955 0.000033
8.960 0.000026
8.965 0.000020
8.970 0.000014
8.975 0.000006
8.980 -0.000003
8.985 -0.000012
8.990 -0.000022
8.995 -0.000031
9.000 -0.000037
9.005 -0.000041
9.010 -0.000045
9.015 -0.000052
9.020 -0.000059
9.025 -0.000066
9.030 -0.000073
9.035 -0.000079
9.040 -0.000086
9.045 -0.000092
9.050 -0.000098
9.055 -0.000104
9.060 -0.000110
9.065 -0.000112
9.070 -0.000113
9.075 -0.000115
9.080 -0.000119
9.085 -0.000123
9.090 -0.000127
9.095 -0.000130
9.100 -0.000132
9.105 -0.000134
9.110 -0.000135
9.115 -0.000137
9.120 -0.000140
9.125 -0.000142
9.130 -0.000143
9.135 -0.000143
9.140 -0.000143
9.145 -0.000141
9.150 -0.000139
9.155 -0.000139
9.160 -0.000139
9.165 -0.000139
9.170 -0.000141
9.175 -0.000142
9.180 -0.000146
9.185 -0.000150
9.190 -0.000153
9.195 -0.000153
9.200 -0.000152
9.205 -0.000149
9.210 -0.000145
9.215 -0.000141
9.220 -0.000141
9.225 -0.000141
9.230 -0.000142
9.235 -0.000144
9.240 -0.000145
9.245 -0.000139
9.250 -0.000134
9.255 -0.000129
9.260 -0.000124
9.265 -0.000119
9.270 -0.000116
9.275 -0.000114
9.280 -0.000111
9.285 -0.000108
9.290 -0.000105
9.295 -0.000101
9.300 -0.000098
9.305 -0.000095
9.310 -0.000091
9.315 -0.000087
9.320 -0.000082
9.325 -0.000076
9.330 -0.000070
9.335 -0.000062
9.340 -0.000053
9.345 -0.000046
9.350 -0.000039
9.355 -0.000032
9.360 -0.000024
9.365 -0.000016
9.370 -0.000008
9.375 -0.000001
9.380 0.000007
9.385 0.000012
9.390 0.000017
9.395 0.000023
9.400 0.000029
9.405 0.000035
9.410 0.000044
9.415 0.000053
9.420 0.000062
9.425 0.000073
9.430 0.000083
9.435 0.000092
9.440 0.000100
9.445 0.000107
9.450 0.000109
9.455 0.000112
9.460 0.000116
9.465 0.000122
9.470 0.000128
9.475 0.000129
9.480 0.000129
9.485 0.000132
9.490 0.000137
9.495 0.000142
9.500 0.000146
9.505 0.000150
9.510 0.000153
9.515 0.000155
9.520 0.000156
9.525 0.000157
9.530 0.000159
9.535 0.000160
9.540 0.000160
9.545 0.000159
9.550 0.000158
9.555 0.000157
9.560 0.000157
9.565 0.000157
9.570 0.000158
9.575 0.000159
9.580 0.000159
9.585 0.000160
9.590 0.000156
9.595 0.000152
9.600 0.000148
9.605 0.000144
9.610 0.000141
9.615 0.000140
9.620 0.000141
9.625 0.000140
9.630 0.000135
9.635 0.000131
9.640 0.000127
9.645 0.000123
9.650 0.000119
9.655 0.000116
9.660 0.000113
9.665 0.000106
9.670 0.000097
9.675 0.000088
9.680 0.000082
9.685 0.000075
9.690 0.000068
9.695 0.000062
9.700 0.000055
9.705 0.000044
9.710 0.000032
9.715 0.000021
9.720 0.000010
9.725 -0.000000
9.730 -0.000009
9.735 -0.000017
9.740 -0.000024
9.745 -0.000031
9.750 -0.000037
9.755 -0.000043
9.760 -0.000049
9.765 -0.000055
9.770 -0.000060
9.775 -0.000065
9.780 -0.000071
9.785 -0.000079
9.790 -0.000087
9.795 -0.000096
9.800 -0.000105
9.805 -0.000114
9.810 -0.000122
9.815 -0.000130
9.820 -0.000136
9.825 -0.000143
9.830 -0.000148
9.835 -0.000152
9.840 -0.000156
9.845 -0.000161
9.850 -0.000166
9.855 -0.000171
9.860 -0.000173
9.865 -0.000176
9.870 -0.000177
9.875 -0.000179
9.880 -0.000180
9.885 -0.000184
9.890 -0.000187
9.895 -0.000189
9.900 -0.000190
9.905 -0.000191
9.910 -0.000194
9.915 -0.000197
9.920 -0.000199
9.925 -0.000201
9.930 -0.000202
9.935 -0.000202
9.940 -0.000202
9.945 -0.000201
9.950 -0.000199
9.955 -0.000197
9.960 -0.000195
9.965 -0.000193
9.970 -0.000191
9.975 -0.000189
9.980 -0.000187
9.985 -0.000185
9.990 -0.000184
9.995 -0.000182
10.000 -0.000181
10.005 -0.000180
10.010 -0.000177
10.015 -0.000172
10.020 -0.000167
10.025 -0.000163
10.030 -0.000159
10.035 -0.000156
10.040 -0.000153
10.045 -0.000150
10.050 -0.000145
10.055 -0.000140
10.060 -0.000133
10.065 -0.000122
10.070 -0.000111
10.075 -0.000102
10.080 -0.000094
10.085 -0.000085
10.090 -0.000075
10.095 -0.000064
10.100 -0.000054
10.105 -0.000044
10.110 -0.000035
10.115 -0.000029
10.120 -0.000024
10.125 -0.000019
10.130 -0.000016
10.135 -0.000012
10.140 -0.000006
10.145 0.000000
10.150 0.000006
10.155 0.000012
10.160 0.000018
10.165 0.000025
10.170 0.000032
10.175 0.000039
10.180 0.000048
10.185 0.000057
10.190 0.000065
10.195 0.000073
10.200 0.000080
10.205 0.000087
10.210 0.000094
10.215 0.000099
10.220 0.000103
10.225 0.000106
10.230 0.000111
10.235 0.000115
10.240 0.000120
10.245 0.000126
10.250 0.000131
10.255 0.000132
10.260 0.000132
10.265 0.000132
10.270 0.000131
10.275 0.000130
10.280 0.000131
10.285 0.000133
10.290 0.000135
10.295 0.000133
10.300 0.000131
10.305 0.000131
10.310 0.000132
10.315 0.000133
10.320 0.000133
10.325 0.000133
10.330 0.000133
10.335 0.000133
10.340 0.000133
10.345 0.000130
10.350 0.000126
10.355 0.000123
10.360 0.000121
10.365 0.000118
10.370 0.000114
10.375 0.000109
10.380 0.000105
10.385 0.000101
10.390 0.000098
10.395 0.000091
10.400 0.000083
10.405 0.000076
10.410 0.000069
10.415 0.000062
10.420 0.000055
10.425 0.000049
10.430 0.000042
10.435 0.000040
10.440 0.000038
10.445 0.000033
10.450 0.000025
10.455 0.000017
10.460 0.000008
10.465 0.000000
10.470 -0.000006
10.475 -0.000009
10.480 -0.000011
10.485 -0.000015
10.490 -0.000020
10.495 -0.000025
10.500 -0.000031
10.505 -0.000036
10.510 -0.000040
10.515 -0.000042
10.520 -0.000044
10.525 -0.000049
10.530 -0.000054
10.535 -0.000059
10.540 -0.000064
10.545 -0.000069
10.550 -0.000072
10.555 -0.000075
10.560 -0.000079
10.565 -0.000083
10.570 -0.000087
10.575 -0.000091
10.580 -0.000094
10.585 -0.000097
10.590 -0.000102
10.595 -0.000107
10.600 -0.000111
10.605 -0.000113
10.610 -0.000116
10.615 -0.000120
10.620 -0.000124
10.625 -0.000130
10.630 -0.000137
10.635 -0.000144
10.640 -0.000147
10.645 -0.000151
10.650 -0.000153
10.655 -0.000155
10.660 -0.000157
10.665 -0.000162
10.670 -0.000166
10.675 -0.000168
10.680 -0.000165
10.685 -0.000162
10.690 -0.000163
10.695 -0.000164
10.700 -0.000165
10.705 -0.000163
10.710 -0.000162
10.715 -0.000159
10.720 -0.000154
10.725 -0.000150
10.730 -0.000146
10.735 -0.000143
10.740 -0.000138
10.745 -0.000133
10.750 -0.000128
10.755 -0.000119
10.760 -0.000110
10.765 -0.000103
10.770 -0.000097
10.775 -0.000091
10.780 -0.000085
10.785 -0.000079
10.790 -0.000074
10.795 -0.000071
10.800 -0.000067
10.805 -0.000060
10.810 -0.000051
10.815 -0.000042
10.820 -0.000037
10.825 -0.000031
10.830 -0.000026
10.835 -0.000021
10.840 -0.000017
10.845 -0.000008
10.850 -0.000000
10.855 0.000006
10.860 0.000012
10.865 0.000018
10.870 0.000026
10.875 0.000035
10.880 0.000042
10.885 0.000048
10.890 0.000054
10.895 0.000058
10.900 0.000062
10.905 0.000065
10.910 0.000069
10.915 0.000073
10.920 0.000078
10.925 0.000082
10.930 0.000087
10.935 0.000090
10.940 0.000094
10.945 0.000093
10.950 0.000088
10.955 0.000084
10.960 0.000085
10.965 0.000086
10.970 0.000087
10.975 0.000087
10.980 0.000088
10.985 0.000087
10.990 0.000086
10.995 0.000087
11.000 0.000089
11.005 0.000092
11.010 0.000094
11.015 0.000097
11.020 0.000099
11.025 0.000101
11.030 0.000104
11.035 0.000106
11.040 0.000109
11.045 0.000111
11.050 0.000111
11.055 0.000110
11.060 0.000108
11.065 0.000106
11.070 0.000103
11.075 0.000104
11.080 0.000104
11.085 0.000104
11.090 0.000102
11.095 0.000100
11.100 0.000093
11.105 0.000086
11.110 0.000080
11.115 0.000076
11.120 0.000072
11.125 0.000068
11.130 0.000065
11.135 0.000061
11.140 0.000055
11.145 0.000050
11.150 0.000045
11.155 0.000040
11.160 0.000035
11.165 0.000029
11.170 0.000023
11.175 0.000020
11.180 0.000019
11.185 0.000018
11.190 0.000012
11.195 0.000006
11.200 0.000001
11.205 -0.000002
11.210 -0.000005
11.215 -0.000008
11.220 -0.000011
11.225 -0.000014
11.230 -0.000020
11.235 -0.000025
11.240 -0.000031
11.245 -0.000038
11.250 -0.000045
11.255 -0.000054
11.260 -0.000064
11.265 -0.000070
11.270 -0.000076
11.275 -0.000081
11.280 -0.000085
11.285 -0.000089
11.290 -0.000094
11.295 -0.000098
11.300 -0.000102
11.305 -0.000109
11.310 -0.000116
11.315 -0.000124
11.320 -0.000134
11.325 -0.000144
11.330 -0.000145
11.335 -0.000144
11.340 -0.000143
11.345 -0.000146
11.350 -0.000149
11.355 -0.000150
11.360 -0.000150
11.365 -0.000150
11.370 -0.000150
11.375 -0.000149
11.380 -0.000149
11.385 -0.000147
11.390 -0.000146
11.395 -0.000142
11.400 -0.000139
11.405 -0.000137
11.410 -0.000138
11.415 -0.000139
11.420 -0.000140
11.425 -0.000140
11.430 -0.000138
11.435 -0.000133
11.440 -0.000127
11.445 -0.000124
11.450 -0.000122
11.455 -0.000120
11.460 -0.000119
11.465 -0.000118
11.470 -0.000116
11.475 -0.000114
11.480 -0.000112
11.485 -0.000107
11.490 -0.000102
11.495 -0.000098
11.500 -0.000095
11.505 -0.000092
11.510 -0.000092
11.515 -0.000092
11.520 -0.000090
11.525 -0.000085
11.530 -0.000080
11.535 -0.000075
11.540 -0.000069
11.545 -0.000065
11.550 -0.000062
11.555 -0.000059
11.560 -0.000056
11.565 -0.000052
11.570 -0.000048
11.575 -0.000043
11.580 -0.000037
11.585 -0.000033
11.590 -0.000029
11.595 -0.000025
11.600 -0.000022
11.605 -0.000019
11.610 -0.000016
11.615 -0.000012
11.620 -0.000009
11.625 -0.000005
11.630 -0.000001
11.635 0.000003
11.640 0.000007
11.645 0.000012
11.650 0.000016
11.655 0.000021
11.660 0.000026
11.665 0.000030
11.670 0.000035
11.675 0.000040
11.680 0.000045
11.685 0.000049
11.690 0.000053
11.695 0.000057
11.700 0.000064
11.705 0.000072
11.710 0.000081
11.715 0.000085
11.720 0.000089
11.725 0.000091
11.730 0.000091
11.735 0.000091
11.740 0.000092
11.745 0.000093
11.750 0.000093
11.755 0.000093
11.760 0.000093
11.765 0.000093
11.770 0.000091
11.775 0.000090
11.780 0.000089
11.785 0.000087
11.790 0.000088
11.795 0.000090
11.800 0.000093
11.805 0.000090
11.810 0.000088
11.815 0.000083
11.820 0.000074
11.825 0.000065
11.830 0.000061
11.835 0.000058
11.840 0.000054
11.845 0.000049
11.850 0.000044
11.855 0.000040
11.860 0.000036
11.865 0.000032
11.870 0.000027
11.875 0.000023
11.880 0.000021
11.885 0.000019
11.890 0.000017
11.895 0.000016
11.900 0.000016
11.905 0.000014
11.910 0.000011
11.915 0.000007
11.920 0.000002
11.925 -0.000003
11.930 -0.000008
11.935 -0.000012
11.940 -0.000017
11.945 -0.000023
11.950 -0.000030
11.955 -0.000036
11.960 -0.000039
11.965 -0.000043
11.970 -0.000049
11.975 -0.000056
11.980 -0.000062
11.985 -0.000066
11.990 -0.000070
11.995 -0.000076
12.000 -0.000081
12.005 -0.000087
12.010 -0.000093
12.015 -0.000098
12.020 -0.000102
12.025 -0.000105
12.030 -0.000108
12.035 -0.000114
12.040 -0.000120
12.045 -0.000126
12.050 -0.000132
12.055 -0.000139
12.060 -0.000142
12.065 -0.000146
12.070 -0.000148
12.075 -0.000147
12.080 -0.000147
12.085 -0.000148
12.090 -0.000150
12.095 -0.000151
12.100 -0.000153
12.105 -0.000155
12.110 -0.000157
12.115 -0.000158
12.120 -0.000160
12.125 -0.000162
12.130 -0.000164
12.135 -0.000164
12.140 -0.000162
12.145 -0.000160
12.150 -0.000160
12.155 -0.000159
12.160 -0.000159
12.165 -0.000159
12.170 -0.000160
12.175 -0.000163
12.180 -0.000166
12.185 -0.000168
12.190 -0.000165
12.195 -0.000163
12.200 -0.000156
12.205 -0.000147
12.210 -0.000139
12.215 -0.000135
12.220 -0.000130
12.225 -0.000124
12.230 -0.000117
12.235 -0.000111
12.240 -0.000103
12.245 -0.000096
12.250 -0.000090
12.255 -0.000085
12.260 -0.000081
12.265 -0.000078
12.270 -0.000075
12.275 -0.000072
12.280 -0.000071
12.285 -0.000069
12.290 -0.000065
12.295 -0.000060
12.300 -0.000056
12.305 -0.000052
12.310 -0.000049
12.315 -0.000041
12.320 -0.000032
12.325 -0.000023
12.330 -0.000015
12.335 -0.000007
12.340 -0.000002
12.345 0.000000
12.350 0.000003
12.355 0.000009
12.360 0.000015
12.365 0.000020
12.370 0.000025
12.375 0.000029
12.380 0.000035
12.385 0.000040
12.390 0.000045
12.395 0.000050
12.400 0.000054
12.405 0.000060
12.410 0.000066
12.415 0.000072
12.420 0.000080
12.425 0.000088
12.430 0.000094
12.435 0.000098
12.440 0.000101
12.445 0.000101
12.450 0.000101
12.455 0.000103
12.460 0.000105
12.465 0.000108
12.470 0.000109
12.475 0.000109
12.480 0.000109
12.485 0.000109
12.490 0.000109
12.495 0.000108
12.500 0.000107
12.505 0.000107
12.510 0.000108
12.515 0.000109
12.520 0.000110
12.525 0.000111
12.530 0.000111
12.535 0.000112
12.540 0.000112
12.545 0.000111
12.550 0.000110
12.555 0.000108
12.560 0.000109
12.565 0.000111
12.570 0.000110
12.575 0.000106
12.580 0.000102
12.585 0.000098
12.590 0.000094
12.595 0.000089
12.600 0.000084
12.605 0.000079
12.610 0.000074
12.615 0.000069
12.620 0.000063
12.625 0.000053
12.630 0.000043
12.635 0.000038
12.640 0.000034
12.645 0.000031
12.650 0.000026
12.655 0.000022
12.660 0.000017
12.665 0.000011
12.670 0.000005
12.675 -0.000003
12.680 -0.000012
12.685 -0.000018
12.690 -0.000020
12.695 -0.000023
12.700 -0.000031
12.705 -0.000041
12.710 -0.000050
12.715 -0.000061
12.720 -0.000072
12.725 -0.000078
12.730 -0.000083
12.735 -0.000087
12.740 -0.000088
12.745 -0.000090
12.750 -0.000092
12.755 -0.000094
12.760 -0.000096
12.765 -0.000098
12.770 -0.000100
12.775 -0.000104
12.780 -0.000109
12.785 -0.000114
12.790 -0.000120
12.795 -0.000125
12.800 -0.000131
12.805 -0.000137
12.810 -0.000143
12.815 -0.000145
12.820 -0.000146
12.825 -0.000146
12.830 -0.000143
12.835 -0.000140
12.840 -0.000142
12.845 -0.000144
12.850 -0.000147
12.855 -0.000146
12.860 -0.000145
12.865 -0.000142
12.870 -0.000139
12.875 -0.000135
12.880 -0.000130
12.885 -0.000125
12.890 -0.000121
12.895 -0.000117
12.900 -0.000113
12.905 -0.000112
12.910 -0.000111
12.915 -0.000109
12.920 -0.000106
12.925 -0.000103
12.930 -0.000101
12.935 -0.000099
12.940 -0.000097
12.945 -0.000093
12.950 -0.000089
12.955 -0.000085
12.960 -0.000081
12.965 -0.000078
12.970 -0.000076
12.975 -0.000074
12.980 -0.000070
12.985 -0.000063
12.990 -0.000057
12.995 -0.000052
13.000 -0.000046
13.005 -0.000039
13.010 -0.000030
13.015 -0.000022
13.020 -0.000017
13.025 -0.000012
13.030 -0.000007
13.035 -0.000002
13.040 0.000004
13.045 0.000011
13.050 0.000018
13.055 0.000026
13.060 0.000033
13.065 0.000040
13.070 0.000047
13.075 0.000052
13.080 0.000058
13.085 0.000066
13.090 0.000074
13.095 0.000082
13.100 0.000090
13.105 0.000098
13.110 0.000101
13.115 0.000103
13.120 0.000104
13.125 0.000106
13.130 0.000107
13.135 0.000108
13.140 0.000110
13.145 0.000112
13.150 0.000114
13.155 0.000116
13.160 0.000119
13.165 0.000124
13.170 0.000128
13.175 0.000130
13.180 0.000131
13.185 0.000133
13.190 0.000135
13.195 0.000137
13.200 0.000139
13.205 0.000140
13.210 0.000139
13.215 0.000136
13.220 0.000132
13.225 0.000132
13.230 0.000133
13.235 0.000133
13.240 0.000133
13.245 0.000132
13.250 0.000130
13.255 0.000128
13.260 0.000125
13.265 0.000121
13.270 0.000117
13.275 0.000113
13.280 0.000109
13.285 0.000104
13.290 0.000102
13.295 0.000099
13.300 0.000095
13.305 0.000089
13.310 0.000084
13.315 0.000081
13.320 0.000079
13.325 0.000076
13.330 0.000071
13.335 0.000066
13.340 0.000065
13.345 0.000063
13.350 0.000061
13.355 0.000057
13.360 0.000053
13.365 0.000047
13.370 0.000039
13.375 0.000033
13.380 0.000029
13.385 0.000025
13.390 0.000019
13.395 0.000012
13.400 0.000006
13.405 -0.000001
13.410 -0.000008
13.415 -0.000016
13.420 -0.000024
13.425 -0.000033
13.430 -0.000038
13.435 -0.000043
13.440 -0.000049
13.445 -0.000056
13.450 -0.000062
13.455 -0.000070
13.460 -0.000079
13.465 -0.000086
13.470 -0.000094
13.475 -0.000101
13.480 -0.000104
13.485 -0.000107
13.490 -0.000109
13.495 -0.000108
13.500 -0.000107
13.505 -0.000110
13.510 -0.000116
13.515 -0.000122
13.520 -0.000128
13.525 -0.000135
13.530 -0.000139
13.535 -0.000142
13.540 -0.000146
13.545 -0.000149
13.550 -0.000152
13.555 -0.000154
13.560 -0.000153
13.565 -0.000152
13.570 -0.000152
13.575 -0.000152
13.580 -0.000153
13.585 -0.000156
13.590 -0.000159
13.595 -0.000160
13.600 -0.000159
13.605 -0.000159
13.610 -0.000162
13.615 -0.000164
13.620 -0.000165
13.625 -0.000165
13.630 -0.000164
13.635 -0.000162
13.640 -0.000160
13.645 -0.000158
13.650 -0.000156
13.655 -0.000155
13.660 -0.000151
13.665 -0.000148
13.670 -0.000145
13.675 -0.000146
13.680 -0.000147
13.685 -0.000143
13.690 -0.000139
13.695 -0.000135
13.700 -0.000132
13.705 -0.000128
13.710 -0.000123
13.715 -0.000116
13.720 -0.000109
13.725 -0.000104
13.730 -0.000098
13.735 -0.000091
13.740 -0.000084
13.745 -0.000077
13.750 -0.000070
13.755 -0.000064
13.760 -0.000060
13.765 -0.000059
13.770 -0.000059
13.775 -0.000054
13.780 -0.000048
13.785 -0.000042
13.790 -0.000037
13.795 -0.000032
13.800 -0.000023
13.805 -0.000013
13.810 -0.000004
13.815 0.000003
13.820 0.000010
13.825 0.000018
13.830 0.000027
13.835 0.000035
13.840 0.000041
13.845 0.000046
13.850 0.000053
13.855 0.000061
13.860 0.000069
13.865 0.000075
13.870 0.000081
13.875 0.000086
13.880 0.000088
13.885 0.000091
13.890 0.000096
13.895 0.000101
13.900 0.000106
13.905 0.000112
13.910 0.000117
13.915 0.000121
13.920 0.000124
13.925 0.000128
13.930 0.000134
13.935 0.000140
13.940 0.000143
13.945 0.000144
13.950 0.000145
13.955 0.000147
13.960 0.000150
13.965 0.000153
13.970 0.000157
13.975 0.000161
13.980 0.000165
13.985 0.000169
13.990 0.000172
13.995 0.000177
14.000 0.000181
14.005 0.000182
14.010 0.000182
14.015 0.000182
14.020 0.000177
14.025 0.000172
14.030 0.000168
14.035 0.000165
14.040 0.000161
14.045 0.000158
14.050 0.000155
14.055 0.000151
14.060 0.000144
14.065 0.000137
14.070 0.000134
14.075 0.000132
14.080 0.000128
14.085 0.000124
14.090 0.000121
14.095 0.000111
14.100 0.000100
14.105 0.000091
14.110 0.000084
14.115 0.000078
14.120 0.000070
14.125 0.000062
14.130 0.000054
14.135 0.000047
14.140 0.000040
14.145 0.000036
14.150 0.000033
14.155 0.000030
14.160 0.000026
14.165 0.000021
14.170 0.000018
14.175 0.000014
14.180 0.000010
14.185 0.000005
14.190 -0.000001
14.195 -0.000006
14.200 -0.000012
14.205 -0.000017
14.210 -0.000023
14.215 -0.000029
14.220 -0.000033
14.225 -0.000036
14.230 -0.000038
14.235 -0.000041
14.240 -0.000044
14.245 -0.000048
14.250 -0.000055
14.255 -0.000062
14.260 -0.000066
14.265 -0.000069
14.270 -0.000073
14.275 -0.000074
14.280 -0.000076
14.285 -0.000079
14.290 -0.000081
14.295 -0.000083
14.300 -0.000086
14.305 -0.000090
14.310 -0.000094
14.315 -0.000099
14.320 -0.000103
14.325 -0.000105
14.330 -0.000106
14.335 -0.000107
14.340 -0.000107
14.345 -0.000106
14.350 -0.000108
14.355 -0.000110
14.360 -0.000112
14.365 -0.000112
14.370 -0.000113
14.375 -0.000112
14.380 -0.000109
14.385 -0.000107
14.390 -0.000106
14.395 -0.000106
14.400 -0.000104
14.405 -0.000099
14.410 -0.000093
14.415 -0.000087
14.420 -0.000081
14.425 -0.000075
14.430 -0.000071
14.435 -0.000067
14.440 -0.000062
14.445 -0.000056
14.450 -0.000051
14.455 -0.000052
14.460 -0.000053
14.465 -0.000051
14.470 -0.000046
14.475 -0.000041
14.480 -0.000030
14.485 -0.000020
14.490 -0.000013
14.495 -0.000010
14.500 -0.000007
14.505 0.000002
14.510 0.000010
14.515 0.000017
14.520 0.000021
14.525 0.000025
14.530 0.000030
14.535 0.000034
14.540 0.000039
14.545 0.000042
14.550 0.000045
14.555 0.000046
14.560 0.000047
14.565 0.000048
14.570 0.000049
14.575 0.000051
14.580 0.000052
14.585 0.000053
14.590 0.000055
14.595 0.000056
14.600 0.000057
14.605 0.000059
14.610 0.000064
14.615 0.000069
14.620 0.000070
14.625 0.000071
14.630 0.000072
14.635 0.000076
14.640 0.000079
14.645 0.000082
14.650 0.000084
14.655 0.000086
14.660 0.000090
14.665 0.000093
14.670 0.000096
14.675 0.000098
14.680 0.000100
14.685 0.000100
14.690 0.000101
14.695 0.000103
14.700 0.000105
14.705 0.000107
14.710 0.000109
14.715 0.000111
14.720 0.000109
14.725 0.000103
14.730 0.000097
14.735 0.000096
14.740 0.000096
14.745 0.000095
14.750 0.000093
14.755 0.000090
14.760 0.000083
14.765 0.000073
14.770 0.000065
14.775 0.000059
14.780 0.000053
14.785 0.000046
14.790 0.000040
14.795 0.000033
14.800 0.000026
14.805 0.000020
14.810 0.000013
14.815 0.000007
14.820 0.000001
14.825 0.000000
14.830 0.000000
14.835 -0.000001
14.840 -0.000003
14.845 -0.000005
14.850 -0.000013
14.855 -0.000021
14.860 -0.000030
14.865 -0.000038
14.870 -0.000046
14.875 -0.000053
14.880 -0.000058
14.885 -0.000064
14.890 -0.000071
14.895 -0.000079
14.900 -0.000083
14.905 -0.000084
14.910 -0.000085
14.915 -0.000088
14.920 -0.000090
14.925 -0.000093
14.930 -0.000098
14.935 -0.000102
14.940 -0.000103
14.945 -0.000103
14.950 -0.000104
14.955 -0.000108
14.960 -0.000111
14.965 -0.000115
14.970 -0.000118
14.975 -0.000122
14.980 -0.000125
14.985 -0.000129
14.990 -0.000135
14.995 -0.000141
15.000 -0.000148
15.005 -0.000150
15.010 -0.000153
15.015 -0.000155
15.020 -0.000156
15.025 -0.000158
15.030 -0.000158
15.035 -0.000158
15.040 -0.000160
15.045 -0.000165
15.050 -0.000169
15.055 -0.000171
15.060 -0.000172
15.065 -0.000171
15.070 -0.000169
15.075 -0.000166
15.080 -0.000166
15.085 -0.000166
15.090 -0.000167
15.095 -0.000168
15.100 -0.000169
15.105 -0.000168
15.110 -0.000165
15.115 -0.000162
15.120 -0.000161
15.125 -0.000160
15.130 -0.000157
15.135 -0.000153
15.140 -0.000148
15.145 -0.000141
15.150 -0.000133
15.155 -0.000127
15.160 -0.000124
15.165 -0.000121
15.170 -0.000116
15.175 -0.000110
15.180 -0.000104
15.185 -0.000097
15.190 -0.000091
15.195 -0.000086
15.200 -0.000081
15.205 -0.000076
15.210 -0.000071
15.215 -0.000067
15.220 -0.000062
15.225 -0.000055
15.230 -0.000049
15.235 -0.000040
15.240 -0.000031
15.245 -0.000022
15.250 -0.000012
15.255 -0.000003
15.260 0.000004
15.265 0.000010
15.270 0.000015
15.275 0.000019
15.280 0.000023
15.285 0.000027
15.290 0.000032
15.295 0.000037
15.300 0.000042
15.305 0.000046
15.310 0.000052
15.315 0.000058
15.320 0.000063
15.325 0.000068
15.330 0.000072
15.335 0.000078
15.340 0.000083
15.345 0.000089
15.350 0.000092
15.355 0.000095
15.360 0.000100
15.365 0.000106
15.370 0.000111
15.375 0.000113
15.380 0.000115
15.385 0.000116
15.390 0.000118
15.395 0.000119
15.400 0.000120
15.405 0.000122
15.410 0.000123
15.415 0.000124
15.420 0.000125
15.425 0.000126
15.430 0.000126
15.435 0.000126
15.440 0.000127
15.445 0.000128
15.450 0.000127
15.455 0.000123
15.460 0.000120
15.465 0.000117
15.470 0.000114
15.475 0.000110
15.480 0.000105
15.485 0.000100
15.490 0.000094
15.495 0.000088
15.500 0.000083
15.505 0.000079
15.510 0.000074
15.515 0.000067
15.520 0.000058
15.525 0.000050
15.530 0.000046
15.535 0.000042
15.540 0.000042
15.545 0.000045
15.550 0.000048
15.555 0.000045
15.560 0.000041
15.565 0.000037
15.570 0.000032
15.575 0.000027
15.580 0.000023
15.585 0.000020
15.590 0.000016
15.595 0.000009
15.600 0.000003
15.605 -0.000002
15.610 -0.000005
15.615 -0.000009
15.620 -0.000013
15.625 -0.000017
15.630 -0.000024
15.635 -0.000032
15.640 -0.000039
15.645 -0.000043
15.650 -0.000046
15.655 -0.000049
15.660 -0.000052
15.665 -0.000054
15.670 -0.000059
15.675 -0.000063
15.680 -0.000069
15.685 -0.000077
15.690 -0.000085
15.695 -0.000089
15.700 -0.000092
15.705 -0.000096
15.710 -0.000102
15.715 -0.000108
15.720 -0.000111
15.725 -0.000115
15.730 -0.000118
15.735 -0.000122
15.740 -0.000126
15.745 -0.000129
15.750 -0.000130
15.755 -0.000131
15.760 -0.000131
15.765 -0.000131
15.770 -0.000131
15.775 -0.000132
15.780 -0.000132
15.785 -0.000133
15.790 -0.000134
15.795 -0.000136
15.800 -0.000139
15.805 -0.000143
15.810 -0.000141
15.815 -0.000139
15.820 -0.000137
15.825 -0.000135
15.830 -0.000134
15.835 -0.000134
15.840 -0.000134
15.845 -0.000134
15.850 -0.000135
15.855 -0.000137
15.860 -0.000136
15.865 -0.000134
15.870 -0.000131
15.875 -0.000123
15.880 -0.000115
15.885 -0.000108
15.890 -0.000103
15.895 -0.000098
15.900 -0.000089
15.905 -0.000080
15.910 -0.000072
15.915 -0.000067
15.920 -0.000063
15.925 -0.000059
15.930 -0.000056
15.935 -0.000053
15.940 -0.000049
15.945 -0.000045
15.950 -0.000040
15.955 -0.000035
15.960 -0.000029
15.965 -0.000026
15.970 -0.000022
15.975 -0.000017
15.980 -0.000010
15.985 -0.000002
15.990 0.000002
15.995 0.000007
16.000 0.000010
16.005 0.000012
16.010 0.000014
16.015 0.000021
16.020 0.000028
16.025 0.000034
16.030 0.000037
16.035 0.000041
16.040 0.000042
16.045 0.000043
16.050 0.000044
16.055 0.000049
16.060 0.000053
16.065 0.000060
16.070 0.000067
16.075 0.000075
16.080 0.000077
16.085 0.000080
16.090 0.000082
16.095 0.000084
16.100 0.000086
16.105 0.000087
16.110 0.000089
16.115 0.000092
16.120 0.000097
16.125 0.000102
16.130 0.000102
16.135 0.000101
16.140 0.000100
16.145 0.000103
16.150 0.000105
16.155 0.000108
16.160 0.000112
16.165 0.000115
16.170 0.000117
16.175 0.000118
16.180 0.000118
16.185 0.000117
16.190 0.000116
16.195 0.000115
16.200 0.000114
16.205 0.000113
16.210 0.000111
16.215 0.000110
16.220 0.000109
16.225 0.000108
16.230 0.000108
16.235 0.000110
16.240 0.000112
16.245 0.000113
16.250 0.000115
16.255 0.000116
16.260 0.000113
16.265 0.000111
16.270 0.000109
16.275 0.000107
16.280 0.000105
16.285 0.000100
16.290 0.000095
16.295 0.000091
16.300 0.000087
16.305 0.000082
16.310 0.000076
16.315 0.000069
16.320 0.000063
16.325 0.000058
16.330 0.000053
16.335 0.000048
16.340 0.000043
16.345 0.000038
16.350 0.000036
16.355 0.000033
16.360 0.000028
16.365 0.000022
16.370 0.000016
16.375 0.000012
16.380 0.000008
16.385 0.000005
16.390 0.000003
16.395 0.000001
16.400 -0.000008
16.405 -0.000017
16.410 -0.000024
16.415 -0.000028
16.420 -0.000032
16.425 -0.000034
16.430 -0.000035
16.435 -0.000038
16.440 -0.000043
16.445 -0.000049
16.450 -0.000055
16.455 -0.000060
16.460 -0.000065
16.465 -0.000067
16.470 -0.000070
16.475 -0.000073
16.480 -0.000076
16.485 -0.000079
16.490 -0.000080
16.495 -0.000082
16.500 -0.000083
16.505 -0.000083
16.510 -0.000083
16.515 -0.000082
16.520 -0.000080
16.525 -0.000080
16.530 -0.000081
16.535 -0.000082
16.540 -0.000085
16.545 -0.000090
16.550 -0.000093
16.555 -0.000094
16.560 -0.000095
16.565 -0.000092
16.570 -0.000088
16.575 -0.000085
16.580 -0.000086
16.585 -0.000086
16.590 -0.000086
16.595 -0.000087
16.600 -0.000086
16.605 -0.000080
16.610 -0.000074
16.615 -0.000069
16.620 -0.000066
16.625 -0.000062
16.630 -0.000060
16.635 -0.000058
16.640 -0.000056
16.645 -0.000054
16.650 -0.000051
16.655 -0.000050
16.660 -0.000050
16.665 -0.000049
16.670 -0.000047
16.675 -0.000045
16.680 -0.000044
16.685 -0.000042
16.690 -0.000041
16.695 -0.000036
16.700 -0.000031
16.705 -0.000027
16.710 -0.000024
16.715 -0.000021
16.720 -0.000016
16.725 -0.000012
16.730 -0.000008
16.735 -0.000004
16.740 -0.000000
16.745 0.000005
16.750 0.000010
16.755 0.000013
16.760 0.000015
16.765 0.000017
16.770 0.000019
16.775 0.000020
16.780 0.000022
16.785 0.000028
16.790 0.000033
16.795 0.000036
16.800 0.000038
16.805 0.000040
16.810 0.000045
16.815 0.000049
16.820 0.000054
16.825 0.000058
16.830 0.000063
16.835 0.000065
16.840 0.000066
16.845 0.000067
16.850 0.000066
16.855 0.000065
16.860 0.000070
16.865 0.000076
16.870 0.000079
16.875 0.000080
16.880 0.000080
16.885 0.000078
16.890 0.000074
16.895 0.000071
16.900 0.000071
16.905 0.000071
16.910 0.000070
16.915 0.000070
16.920 0.000069
16.925 0.000070
16.930 0.000070
16.935 0.000071
16.940 0.000073
16.945 0.000074
16.950 0.000072
16.955 0.000071
16.960 0.000069
16.965 0.000067
16.970 0.000066
16.975 0.000064
16.980 0.000062
16.985 0.000058
16.990 0.000050
16.995 0.000042
17.000 0.000035
17.005 0.000028
17.010 0.000023
17.015 0.000021
17.020 0.000020
17.025 0.000018
17.030 0.000015
17.035 0.000013
17.040 0.000010
17.045 0.000008
17.050 0.000004
17.055 -0.000000
17.060 -0.000005
17.065 -0.000010
17.070 -0.000015
17.075 -0.000019
17.080 -0.000022
17.085 -0.000025
17.090 -0.000025
17.095 -0.000025
17.100 -0.000025
17.105 -0.000027
17.110 -0.000030
17.115 -0.000034
17.120 -0.000039
17.125 -0.000045
17.130 -0.000049
17.135 -0.000054
17.140 -0.000058
17.145 -0.000062
17.150 -0.000065
17.155 -0.000068
17.160 -0.000071
17.165 -0.000074
17.170 -0.000075
17.175 -0.000076
17.180 -0.000076
17.185 -0.000077
17.190 -0.000078
17.195 -0.000083
17.200 -0.000087
17.205 -0.000092
17.210 -0.000097
17.215 -0.000100
17.220 -0.000099
17.225 -0.000099
17.230 -0.000097
17.235 -0.000095
17.240 -0.000093
17.245 -0.000097
17.250 -0.000101
17.255 -0.000104
17.260 -0.000106
17.265 -0.000107
17.270 -0.000107
17.275 -0.000106
17.280 -0.000107
17.285 -0.000108
17.290 -0.000110
17.295 -0.000111
17.300 -0.000113
17.305 -0.000114
17.310 -0.000114
17.315 -0.000115
17.320 -0.000117
17.325 -0.000120
17.330 -0.000122
17.335 -0.000123
17.340 -0.000123
17.345 -0.000123
17.350 -0.000121
17.355 -0.000119
17.360 -0.000115
17.365 -0.000111
17.370 -0.000106
17.375 -0.000101
17.380 -0.000096
17.385 -0.000090
17.390 -0.000084
17.395 -0.000080
17.400 -0.000078
17.405 -0.000076
17.410 -0.000075
17.415 -0.000074
17.420 -0.000073
17.425 -0.000071
17.430 -0.000070
17.435 -0.000064
17.440 -0.000056
17.445 -0.000049
17.450 -0.000040
17.455 -0.000032
17.460 -0.000026
17.465 -0.000022
17.470 -0.000017
17.475 -0.000016
17.480 -0.000014
17.485 -0.000012
17.490 -0.000010
17.495 -0.000007
17.500 -0.000003
17.505 0.000002
17.510 0.000006
17.515 0.000009
17.520 0.000013
17.525 0.000012
17.530 0.000011
17.535 0.000010
17.540 0.000013
17.545 0.000017
17.550 0.000019
17.555 0.000019
17.560 0.000021
17.565 0.000024
17.570 0.000028
17.575 0.000033
17.580 0.000037
17.585 0.000042
17.590 0.000046
17.595 0.000049
17.600 0.000053
17.605 0.000058
17.610 0.000062
17.615 0.000064
17.620 0.000065
17.625 0.000066
17.630 0.000066
17.635 0.000067
17.640 0.000068
17.645 0.000068
17.650 0.000069
17.655 0.000072
17.660 0.000074
17.665 0.000075
17.670 0.000075
17.675 0.000074
17.680 0.000075
17.685 0.000075
17.690 0.000075
17.695 0.000075
17.700 0.000074
17.705 0.000073
17.710 0.000072
17.715 0.000072
17.720 0.000072
17.725 0.000072
17.730 0.000070
17.735 0.000067
17.740 0.000064
17.745 0.000059
17.750 0.000055
17.755 0.000051
17.760 0.000047
17.765 0.000043
17.770 0.000041
17.775 0.000038
17.780 0.000036
17.785 0.000035
17.790 0.000033
17.795 0.000030
17.800 0.000027
17.805 0.000025
17.810 0.000023
17.815 0.000022
17.820 0.000016
17.825 0.000010
17.830 0.000002
17.835 -0.000008
17.840 -0.000018
17.845 -0.000026
17.850 -0.000035
17.855 -0.000042
17.860 -0.000044
17.865 -0.000046
17.870 -0.000049
17.875 -0.000053
17.880 -0.000058
17.885 -0.000064
17.890 -0.000071
17.895 -0.000078
17.900 -0.000083
17.905 -0.000089
17.910 -0.000089
17.915 -0.000089
17.920 -0.000090
17.925 -0.000091
17.930 -0.000092
17.935 -0.000093
17.940 -0.000095
17.945 -0.000097
17.950 -0.000099
17.955 -0.000101
17.960 -0.000104
17.965 -0.000108
17.970 -0.000110
17.975 -0.000110
17.980 -0.000111
17.985 -0.000114
17.990 -0.000120
17.995 -0.000125
18.000 -0.000129
18.005 -0.000133
18.010 -0.000134
18.015 -0.000132
18.020 -0.000129
18.025 -0.000127
18.030 -0.000124
18.035 -0.000124
18.040 -0.000126
18.045 -0.000129
18.050 -0.000131
18.055 -0.000132
18.060 -0.000132
18.065 -0.000128
18.070 -0.000124
18.075 -0.000122
18.080 -0.000119
18.085 -0.000117
18.090 -0.000114
18.095 -0.000112
18.100 -0.000108
18.105 -0.000104
18.110 -0.000100
18.115 -0.000096
18.120 -0.000092
18.125 -0.000088
18.130 -0.000085
18.135 -0.000082
18.140 -0.000076
18.145 -0.000069
18.150 -0.000063
18.155 -0.000059
18.160 -0.000055
18.165 -0.000055
18.170 -0.000057
18.175 -0.000057
18.180 -0.000054
18.185 -0.000051
18.190 -0.000046
18.195 -0.000041
18.200 -0.000036
18.205 -0.000032
18.210 -0.000028
18.215 -0.000023
18.220 -0.000016
18.225 -0.000009
18.230 -0.000003
18.235 0.000003
18.240 0.000007
18.245 0.000008
18.250 0.000009
18.255 0.000017
18.260 0.000025
18.265 0.000033
18.270 0.000040
18.275 0.000047
18.280 0.000051
18.285 0.000056
18.290 0.000059
18.295 0.000062
18.300 0.000064
18.305 0.000066
18.310 0.000069
18.315 0.000072
18.320 0.000074
18.325 0.000077
18.330 0.000078
18.335 0.000078
18.340 0.000078
18.345 0.000083
18.350 0.000087
18.355 0.000090
18.360 0.000091
18.365 0.000091
18.370 0.000092
18.375 0.000094
18.380 0.000096
18.385 0.000101
18.390 0.000106
18.395 0.000105
18.400 0.000101
18.405 0.000098
18.410 0.000099
18.415 0.000100
18.420 0.000100
18.425 0.000100
18.430 0.000100
18.435 0.000102
18.440 0.000104
18.445 0.000103
18.450 0.000100
18.455 0.000097
18.460 0.000092
18.465 0.000087
18.470 0.000083
18.475 0.000082
18.480 0.000081
18.485 0.000077
18.490 0.000072
18.495 0.000067
18.500 0.000062
18.505 0.000056
18.510 0.000052
18.515 0.000048
18.520 0.000044
18.525 0.000040
18.530 0.000035
18.535 0.000033
18.540 0.000031
18.545 0.000030
18.550 0.000029
18.555 0.000028
18.560 0.000025
18.565 0.000020
18.570 0.000014
18.575 0.000010
18.580 0.000006
18.585 0.000003
18.590 0.000000
18.595 -0.000002
18.600 -0.000003
18.605 -0.000003
18.610 -0.000002
18.615 -0.000003
18.620 -0.000003
18.625 -0.000005
18.630 -0.000009
18.635 -0.000013
18.640 -0.000019
18.645 -0.000026
18.650 -0.000032
18.655 -0.000036
18.660 -0.000039
18.665 -0.000039
18.670 -0.000039
18.675 -0.000039
18.680 -0.000037
18.685 -0.000036
18.690 -0.000039
18.695 -0.000042
18.700 -0.000046
18.705 -0.000049
18.710 -0.000052
18.715 -0.000056
18.720 -0.000061
18.725 -0.000066
18.730 -0.000072
18.735 -0.000077
18.740 -0.000080
18.745 -0.000082
18.750 -0.000083
18.755 -0.000085
18.760 -0.000086
18.765 -0.000089
18.770 -0.000093
18.775 -0.000097
18.780 -0.000096
18.785 -0.000095
18.790 -0.000094
18.795 -0.000094
18.800 -0.000095
18.805 -0.000090
18.810 -0.000084
18.815 -0.000079
18.820 -0.000076
18.825 -0.000073
18.830 -0.000071
18.835 -0.000071
18.840 -0.000069
18.845 -0.000064
18.850 -0.000058
18.855 -0.000055
18.860 -0.000055
18.865 -0.000054
18.870 -0.000052
18.875 -0.000050
18.880 -0.000047
18.885 -0.000042
18.890 -0.000036
18.895 -0.000032
18.900 -0.000028
18.905 -0.000024
18.910 -0.000022
18.915 -0.000020
18.920 -0.000018
18.925 -0.000015
18.930 -0.000013
18.935 -0.000008
18.940 -0.000004
18.945 0.000001
18.950 0.000005
18.955 0.000010
18.960 0.000014
18.965 0.000018
18.970 0.000021
18.975 0.000025
18.980 0.000029
18.985 0.000029
18.990 0.000029
18.995 0.000029
19.000 0.000030
19.005 0.000031
19.010 0.000034
19.015 0.000038
19.020 0.000041
19.025 0.000045
19.030 0.000049
19.035 0.000051
19.040 0.000053
19.045 0.000054
19.050 0.000051
19.055 0.000049
19.060 0.000049
19.065 0.000051
19.070 0.000053
19.075 0.000053
19.080 0.000053
19.085 0.000054
19.090 0.000054
19.095 0.000055
19.100 0.000060
19.105 0.000065
19.110 0.000069
19.115 0.000071
19.120 0.000072
19.125 0.000072
19.130 0.000070
19.135 0.000069
19.140 0.000070
19.145 0.000070
19.150 0.000071
19.155 0.000073
19.160 0.000074
19.165 0.000077
19.170 0.000080
19.175 0.000080
19.180 0.000078
19.185 0.000076
19.190 0.000069
19.195 0.000063
19.200 0.000057
19.205 0.000051
19.210 0.000045
19.215 0.000043
19.220 0.000042
19.225 0.000040
19.230 0.000037
19.235 0.000033
19.240 0.000030
19.245 0.000028
19.250 0.000026
19.255 0.000029
19.260 0.000031
19.265 0.000032
19.270 0.000032
19.275 0.000032
19.280 0.000031
19.285 0.000029
19.290 0.000027
19.295 0.000024
19.300 0.000020
19.305 0.000015
19.310 0.000010
19.315 0.000006
19.320 0.000004
19.325 0.000003
19.330 0.000002
19.335 0.000002
19.340 0.000001
19.345 -0.000002
19.350 -0.000005
19.355 -0.000007
19.360 -0.000008
19.365 -0.000009
19.370 -0.000010
19.375 -0.000011
19.380 -0.000011
19.385 -0.000012
19.390 -0.000013
19.395 -0.000016
19.400 -0.000018
19.405 -0.000021
19.410 -0.000025
19.415 -0.000029
19.420 -0.000031
19.425 -0.000033
19.430 -0.000035
19.435 -0.000036
19.440 -0.000037
19.445 -0.000040
19.450 -0.000043
19.455 -0.000046
19.460 -0.000045
19.465 -0.000043
19.470 -0.000044
19.475 -0.000045
19.480 -0.000046
19.485 -0.000047
19.490 -0.000049
19.495 -0.000049
19.500 -0.000049
19.505 -0.000050
19.510 -0.000049
19.515 -0.000049
19.520 -0.000049
19.525 -0.000051
19.530 -0.000052
19.535 -0.000048
19.540 -0.000044
19.545 -0.000041
19.550 -0.000039
19.555 -0.000036
19.560 -0.000033
19.565 -0.000029
19.570 -0.000025
19.575 -0.000020
19.580 -0.000016
19.585 -0.000012
19.590 -0.000010
19.595 -0.000008
19.600 -0.000007
19.605 -0.000007
19.610 -0.000004
19.615 -0.000001
19.620 0.000003
19.625 0.000007
19.630 0.000012
19.635 0.000014
19.640 0.000012
19.645 0.000011
19.650 0.000011
19.655 0.000011
19.660 0.000011
19.665 0.000011
19.670 0.000010
19.675 0.000012
19.680 0.000015
19.685 0.000019
19.690 0.000022
19.695 0.000025
19.700 0.000028
19.705 0.000030
19.710 0.000033
19.715 0.000033
19.720 0.000032
19.725 0.000032
19.730 0.000031
19.735 0.000030
19.740 0.000031
19.745 0.000033
19.750 0.000035
19.755 0.000038
19.760 0.000042
19.765 0.000043
19.770 0.000045
19.775 0.000046
19.780 0.000047
19.785 0.000048
19.790 0.000049
19.795 0.000049
19.800 0.000049
19.805 0.000050
19.810 0.000050
19.815 0.000051
19.820 0.000053
19.825 0.000055
19.830 0.000058
19.835 0.000061
19.840 0.000062
19.845 0.000059
19.850 0.000057
19.855 0.000058
19.860 0.000060
19.865 0.000060
19.870 0.000058
19.875 0.000056
19.880 0.000055
19.885 0.000053
19.890 0.000052
19.895 0.000054
19.900 0.000056
19.905 0.000059
19.910 0.000061
19.915 0.000063
19.920 0.000060
19.925 0.000058
19.930 0.000055
19.935 0.000053
19.940 0.000051
19.945 0.000049
19.950 0.000046
19.955 0.000044
19.960 0.000042
19.965 0.000039
19.970 0.000041
19.975 0.000043
19.980 0.000044
19.985 0.000046
19.990 0.000047
19.995 0.000044
20.000 0.000039
20.005 0.000034
20.010 0.000030
20.015 0.000025
20.020 0.000021
20.025 0.000017
20.030 0.000012
20.035 0.000007
20.040 0.000003
20.045 -0.000001
20.050 -0.000002
20.055 -0.000004
20.060 -0.000005
20.065 -0.000006
20.070 -0.000007
20.075 -0.000008
20.080 -0.000009
20.085 -0.000008
20.090 -0.000007
20.095 -0.000006
20.100 -0.000003
20.105 0.000001
20.110 0.000001
20.115 -0.000001
20.120 -0.000003
20.125 -0.000006
20.130 -0.000008
20.135 -0.000015
20.140 -0.000024
20.145 -0.000034
20.150 -0.000036
20.155 -0.000038
20.160 -0.000041
20.165 -0.000044
20.170 -0.000047
20.175 -0.000051
20.180 -0.000055
20.185 -0.000058
20.190 -0.000055
20.195 -0.000053
20.200 -0.000051
20.205 -0.000051
20.210 -0.000050
20.215 -0.000051
20.220 -0.000051
20.225 -0.000050
20.230 -0.000050
20.235 -0.000050
20.240 -0.000052
20.245 -0.000055
20.250 -0.000056
20.255 -0.000055
20.260 -0.000053
20.265 -0.000052
20.270 -0.000050
20.275 -0.000050
20.280 -0.000053
20.285 -0.000056
20.290 -0.000058
20.295 -0.000060
20.300 -0.000062
20.305 -0.000062
20.310 -0.000062
20.315 -0.000062
20.320 -0.000060
20.325 -0.000059
20.330 -0.000056
20.335 -0.000053
20.340 -0.000050
20.345 -0.000048
20.350 -0.000045
20.355 -0.000046
20.360 -0.000046
20.365 -0.000047
20.370 -0.000049
20.375 -0.000050
20.380 -0.000046
20.385 -0.000041
20.390 -0.000037
20.395 -0.000034
20.400 -0.000031
20.405 -0.000026
20.410 -0.000021
20.415 -0.000016
20.420 -0.000009
20.425 -0.000002
20.430 0.000005
20.435 0.000012
20.440 0.000019
20.445 0.000021
20.450 0.000023
20.455 0.000023
20.460 0.000021
20.465 0.000020
20.470 0.000015
20.475 0.000011
20.480 0.000006
20.485 0.000003
20.490 -0.000000
20.495 0.000003
20.500 0.000006
20.505 0.000009
20.510 0.000010
20.515 0.000011
20.520 0.000016
20.525 0.000022
20.530 0.000027
20.535 0.000029
20.540 0.000030
20.545 0.000034
20.550 0.000039
20.555 0.000044
20.560 0.000050
20.565 0.000056
20.570 0.000060
20.575 0.000061
20.580 0.000063
20.585 0.000063
20.590 0.000064
20.595 0.000064
20.600 0.000064
20.605 0.000064
20.610 0.000067
20.615 0.000070
20.620 0.000073
20.625 0.000074
20.630 0.000076
20.635 0.000076
20.640 0.000075
20.645 0.000074
20.650 0.000073
20.655 0.000071
20.660 0.000072
20.665 0.000073
20.670 0.000075
20.675 0.000072
20.680 0.000069
20.685 0.000066
20.690 0.000063
20.695 0.000061
20.700 0.000054
20.705 0.000047
20.710 0.000040
20.715 0.000033
20.720 0.000027
20.725 0.000022
20.730 0.000018
20.735 0.000013
20.740 0.000008
20.745 0.000003
20.750 0.000001
20.755 -0.000000
20.760 -0.000002
20.765 -0.000005
20.770 -0.000008
20.775 -0.000011
20.780 -0.000013
20.785 -0.000015
20.790 -0.000020
20.795 -0.000024
20.800 -0.000028
20.805 -0.000033
20.810 -0.000038
20.815 -0.000046
20.820 -0.000055
20.825 -0.000063
20.830 -0.000067
20.835 -0.000071
20.840 -0.000073
20.845 -0.000074
20.850 -0.000074
20.855 -0.000073
20.860 -0.000072
20.865 -0.000072
20.870 -0.000073
20.875 -0.000074
20.880 -0.000076
20.885 -0.000077
20.890 -0.000080
20.895 -0.000082
20.900 -0.000085
20.905 -0.000087
20.910 -0.000090
20.915 -0.000092
20.920 -0.000093
20.925 -0.000094
20.930 -0.000097
20.935 -0.000100
20.940 -0.000103
20.945 -0.000106
20.950 -0.000109
20.955 -0.000110
20.960 -0.000112
20.965 -0.000113
20.970 -0.000112
20.975 -0.000110
20.980 -0.000109
20.985 -0.000108
20.990 -0.000107
20.995 -0.000106
21.000 -0.000105
21.005 -0.000103
21.010 -0.000099
21.015 -0.000095
21.020 -0.000091
21.025 -0.000087
21.030 -0.000083
21.035 -0.000081
21.040 -0.000079
21.045 -0.000078
21.050 -0.000077
21.055 -0.000075
21.060 -0.000072
21.065 -0.000068
21.070 -0.000063
21.075 -0.000058
21.080 -0.000053
21.085 -0.000048
21.090 -0.000042
21.095 -0.000036
21.100 -0.000030
21.105 -0.000023
21.110 -0.000017
21.115 -0.000010
21.120 -0.000003
21.125 0.000004
21.130 0.000012
21.135 0.000017
21.140 0.000022
21.145 0.000025
21.150 0.000026
21.155 0.000026
21.160 0.000029
21.165 0.000033
21.170 0.000037
21.175 0.000039
21.180 0.000041
21.185 0.000043
21.190 0.000044
21.195 0.000046
21.200 0.000049
21.205 0.000053
21.210 0.000057
21.215 0.000062
21.220 0.000067
21.225 0.000071
21.230 0.000074
21.235 0.000077
21.240 0.000079
21.245 0.000082
21.250 0.000085
21.255 0.000088
21.260 0.000091
21.265 0.000092
21.270 0.000093
21.275 0.000095
21.280 0.000098
21.285 0.000101
21.290 0.000103
21.295 0.000105
21.300 0.000105
21.305 0.000102
21.310 0.000099
21.315 0.000099
21.320 0.000099
21.325 0.000098
21.330 0.000097
21.335 0.000097
21.340 0.000093
21.345 0.000089
21.350 0.000086
21.355 0.000085
21.360 0.000084
21.365 0.000085
21.370 0.000086
21.375 0.000087
21.380 0.000084
21.385 0.000081
21.390 0.000080
21.395 0.000079
21.400 0.000078
21.405 0.000076
21.410 0.000074
21.415 0.000071
21.420 0.000067
21.425 0.000064
21.430 0.000063
21.435 0.000063
21.440 0.000063
21.445 0.000064
21.450 0.000065
21.455 0.000063
21.460 0.000060
21.465 0.000056
21.470 0.000054
21.475 0.000051
21.480 0.000049
21.485 0.000047
21.490 0.000045
21.495 0.000040
21.500 0.000035
21.505 0.000029
21.510 0.000023
21.515 0.000017
21.520 0.000011
21.525 0.000005
21.530 0.000002
21.535 0.000001
21.540 0.000000
21.545 -0.000004
21.550 -0.000008
21.555 -0.000011
21.560 -0.000013
21.565 -0.000015
21.570 -0.000016
21.575 -0.000017
21.580 -0.000017
21.585 -0.000016
21.590 -0.000014
21.595 -0.000015
21.600 -0.000017
21.605 -0.000019
21.610 -0.000020
21.615 -0.000022
21.620 -0.000025
21.625 -0.000028
21.630 -0.000031
21.635 -0.000033
21.640 -0.000035
21.645 -0.000037
21.650 -0.000038
21.655 -0.000039
21.660 -0.000041
21.665 -0.000042
21.670 -0.000043
21.675 -0.000044
21.680 -0.000045
21.685 -0.000043
21.690 -0.000040
21.695 -0.000038
21.700 -0.000037
21.705 -0.000036
21.710 -0.000033
21.715 -0.000029
21.720 -0.000024
21.725 -0.000016
21.730 -0.000009
21.735 -0.000005
21.740 -0.000003
21.745 -0.000001
21.750 -0.000003
21.755 -0.000004
21.760 -0.000005
21.765 -0.000004
21.770 -0.000004
21.775 -0.000005
21.780 -0.000006
21.785 -0.000005
21.790 -0.000001
21.795 0.000003
21.800 0.000008
21.805 0.000013
21.810 0.000017
21.815 0.000018
21.820 0.000019
21.825 0.000020
21.830 0.000021
21.835 0.000023
21.840 0.000024
21.845 0.000025
21.850 0.000027
21.855 0.000030
21.860 0.000032
21.865 0.000034
21.870 0.000036
21.875 0.000037
21.880 0.000039
21.885 0.000041
21.890 0.000044
21.895 0.000048
21.900 0.000051
21.905 0.000055
21.910 0.000058
21.915 0.000060
21.920 0.000061
21.925 0.000064
21.930 0.000069
21.935 0.000074
21.940 0.000079
21.945 0.000085
21.950 0.000091
21.955 0.000093
21.960 0.000096
21.965 0.000098
21.970 0.000100
21.975 0.000102
21.980 0.000100
21.985 0.000098
21.990 0.000098
21.995 0.000100
22.000 0.000102
22.005 0.000103
22.010 0.000104
22.015 0.000104
22.020 0.000103
22.025 0.000102
22.030 0.000103
22.035 0.000103
22.040 0.000104
22.045 0.000105
22.050 0.000107
22.055 0.000105
22.060 0.000102
22.065 0.000099
22.070 0.000097
22.075 0.000095
22.080 0.000093
22.085 0.000091
22.090 0.000090
22.095 0.000087
22.100 0.000083
22.105 0.000078
22.110 0.000073
22.115 0.000067
22.120 0.000065
22.125 0.000065
22.130 0.000063
22.135 0.000061
22.140 0.000058
22.145 0.000054
22.150 0.000051
22.155 0.000047
22.160 0.000045
22.165 0.000044
22.170 0.000041
22.175 0.000039
22.180 0.000036
22.185 0.000036
22.190 0.000037
22.195 0.000037
22.200 0.000034
22.205 0.000032
22.210 0.000025
22.215 0.000017
22.220 0.000010
22.225 0.000005
22.230 0.000001
22.235 -0.000001
22.240 -0.000002
22.245 -0.000004
22.250 -0.000008
22.255 -0.000013
22.260 -0.000016
22.265 -0.000019
22.270 -0.000021
22.275 -0.000024
22.280 -0.000027
22.285 -0.000028
22.290 -0.000028
22.295 -0.000028
22.300 -0.000028
22.305 -0.000029
22.310 -0.000031
22.315 -0.000036
22.320 -0.000042
22.325 -0.000044
22.330 -0.000046
22.335 -0.000047
22.340 -0.000048
22.345 -0.000049
22.350 -0.000052
22.355 -0.000057
22.360 -0.000061
22.365 -0.000061
22.370 -0.000061
22.375 -0.000064
22.380 -0.000070
22.385 -0.000075
22.390 -0.000076
22.395 -0.000077
22.400 -0.000078
22.405 -0.000077
22.410 -0.000077
22.415 -0.000076
22.420 -0.000074
22.425 -0.000074
22.430 -0.000073
22.435 -0.000073
22.440 -0.000071
22.445 -0.000067
22.450 -0.000064
22.455 -0.000062
22.460 -0.000060
22.465 -0.000059
22.470 -0.000058
22.475 -0.000058
22.480 -0.000057
22.485 -0.000056
22.490 -0.000055
22.495 -0.000053
22.500 -0.000051
22.505 -0.000051
22.510 -0.000051
22.515 -0.000050
22.520 -0.000046
22.525 -0.000042
22.530 -0.000038
22.535 -0.000033
22.540 -0.000029
22.545 -0.000028
22.550 -0.000027
22.555 -0.000025
22.560 -0.000024
22.565 -0.000023
22.570 -0.000027
22.575 -0.000030
22.580 -0.000030
22.585 -0.000027
22.590 -0.000023
22.595 -0.000017
22.600 -0.000011
22.605 -0.000008
22.610 -0.000006
22.615 -0.000005
22.620 -0.000003
22.625 -0.000001
22.630 0.000001
22.635 0.000005
22.640 0.000008
22.645 0.000012
22.650 0.000016
22.655 0.000020
22.660 0.000021
22.665 0.000023
22.670 0.000023
22.675 0.000023
22.680 0.000024
22.685 0.000025
22.690 0.000027
22.695 0.000030
22.700 0.000033
22.705 0.000037
22.710 0.000035
22.715 0.000032
22.720 0.000030
22.725 0.000026
22.730 0.000023
22.735 0.000025
22.740 0.000029
22.745 0.000031
22.750 0.000033
22.755 0.000034
22.760 0.000038
22.765 0.000042
22.770 0.000046
22.775 0.000047
22.780 0.000049
22.785 0.000049
22.790 0.000047
22.795 0.000046
22.800 0.000044
22.805 0.000042
22.810 0.000041
22.815 0.000040
22.820 0.000039
22.825 0.000038
22.830 0.000036
22.835 0.000035
22.840 0.000034
22.845 0.000032
22.850 0.000030
22.855 0.000028
22.860 0.000026
22.865 0.000025
22.870 0.000024
22.875 0.000024
22.880 0.000024
22.885 0.000024
22.890 0.000023
22.895 0.000022
22.900 0.000019
22.905 0.000015
22.910 0.000010
22.915 0.000007
22.920 0.000004
22.925 -0.000000
22.930 -0.000007
22.935 -0.000013
22.940 -0.000017
22.945 -0.000020
22.950 -0.000022
22.955 -0.000020
22.960 -0.000019
22.965 -0.000021
22.970 -0.000025
22.975 -0.000028
22.980 -0.000028
22.985 -0.000028
22.990 -0.000027
22.995 -0.000026
23.000 -0.000025
23.005 -0.000027
23.010 -0.000029
23.015 -0.000033
23.020 -0.000037
23.025 -0.000041
23.030 -0.000045
23.035 -0.000049
23.040 -0.000052
23.045 -0.000053
23.050 -0.000053
23.055 -0.000051
23.060 -0.000049
23.065 -0.000049
23.070 -0.000054
23.075 -0.000059
23.080 -0.000062
23.085 -0.000064
23.090 -0.000066
23.095 -0.000067
23.100 -0.000068
23.105 -0.000069
23.110 -0.000071
23.115 -0.000072
23.120 -0.000074
23.125 -0.000076
23.130 -0.000077
23.135 -0.000076
23.140 -0.000076
23.145 -0.000077
23.150 -0.000078
23.155 -0.000079
23.160 -0.000078
23.165 -0.000077
23.170 -0.000076
23.175 -0.000075
23.180 -0.000075
23.185 -0.000077
23.190 -0.000078
23.195 -0.000077
23.200 -0.000074
23.205 -0.000072
23.210 -0.000068
23.215 -0.000065
23.220 -0.000063
23.225 -0.000063
23.230 -0.000062
23.235 -0.000057
23.240 -0.000052
23.245 -0.000049
23.250 -0.000048
23.255 -0.000048
23.260 -0.000048
23.265 -0.000048
23.270 -0.000047
23.275 -0.000044
23.280 -0.000041
23.285 -0.000037
23.290 -0.000033
23.295 -0.000029
23.300 -0.000025
23.305 -0.000020
23.310 -0.000014
23.315 -0.000007
23.320 -0.000000
23.325 0.000003
23.330 0.000006
23.335 0.000007
23.340 0.000007
23.345 0.000007
23.350 0.000008
23.355 0.000010
23.360 0.000012
23.365 0.000014
23.370 0.000016
23.375 0.000020
23.380 0.000025
23.385 0.000028
23.390 0.000028
23.395 0.000029
23.400 0.000031
23.405 0.000035
23.410 0.000038
23.415 0.000039
23.420 0.000040
23.425 0.000039
23.430 0.000036
23.435 0.000033
23.440 0.000031
23.445 0.000028
23.450 0.000029
23.455 0.000034
23.460 0.000038
23.465 0.000039
23.470 0.000040
23.475 0.000041
23.480 0.000043
23.485 0.000045
23.490 0.000046
23.495 0.000047
23.500 0.000048
23.505 0.000048
23.510 0.000049
23.515 0.000048
23.520 0.000045
23.525 0.000043
23.530 0.000043
23.535 0.000044
23.540 0.000044
23.545 0.000045
23.550 0.000045
23.555 0.000048
23.560 0.000050
23.565 0.000052
23.570 0.000054
23.575 0.000056
23.580 0.000053
23.585 0.000049
23.590 0.000046
23.595 0.000042
23.600 0.000038
23.605 0.000035
23.610 0.000031
23.615 0.000028
23.620 0.000024
23.625 0.000021
23.630 0.000020
23.635 0.000020
23.640 0.000020
23.645 0.000019
23.650 0.000018
23.655 0.000013
23.660 0.000007
23.665 0.000000
23.670 -0.000004
23.675 -0.000009
23.680 -0.000013
23.685 -0.000016
23.690 -0.000020
23.695 -0.000022
23.700 -0.000024
23.705 -0.000025
23.710 -0.000023
23.715 -0.000021
23.720 -0.000022
23.725 -0.000023
23.730 -0.000024
23.735 -0.000024
23.740 -0.000024
23.745 -0.000024
23.750 -0.000026
23.755 -0.000028
23.760 -0.000033
23.765 -0.000038
23.770 -0.000041
23.775 -0.000043
23.780 -0.000044
23.785 -0.000048
23.790 -0.000052
23.795 -0.000053
23.800 -0.000051
23.805 -0.000048
23.810 -0.000043
23.815 -0.000037
23.820 -0.000031
23.825 -0.000026
23.830 -0.000022
23.835 -0.000019
23.840 -0.000017
23.845 -0.000015
23.850 -0.000013
23.855 -0.000012
23.860 -0.000012
23.865 -0.000012
23.870 -0.000011
23.875 -0.000009
23.880 -0.000006
23.885 -0.000005
23.890 -0.000006
23.895 -0.000006
23.900 -0.000006
23.905 -0.000005
23.910 -0.000006
23.915 -0.000007
23.920 -0.000009
23.925 -0.000010
23.930 -0.000011
23.935 -0.000013
23.940 -0.000016
23.945 -0.000019
23.950 -0.000021
23.955 -0.000022
23.960 -0.000023
23.965 -0.000022
23.970 -0.000020
23.975 -0.000017
23.980 -0.000014
23.985 -0.000011
23.990 -0.000007
23.995 -0.000003
24.000 0.000000
24.005 0.000002
24.010 0.000005
24.015 0.000007
24.020 0.000010
24.025 0.000012
24.030 0.000015
24.035 0.000017
24.040 0.000021
24.045 0.000025
24.050 0.000028
24.055 0.000032
24.060 0.000036
24.065 0.000041
24.070 0.000046
24.075 0.000050
24.080 0.000052
24.085 0.000053
24.090 0.000052
24.095 0.000047
24.100 0.000043
24.105 0.000043
24.110 0.000043
24.115 0.000043
24.120 0.000044
24.125 0.000044
24.130 0.000045
24.135 0.000045
24.140 0.000046
24.145 0.000047
24.150 0.000048
24.155 0.000050
24.160 0.000053
24.165 0.000056
24.170 0.000060
24.175 0.000063
24.180 0.000065
24.185 0.000065
24.190 0.000065
24.195 0.000065
24.200 0.000066
24.205 0.000066
24.210 0.000065
24.215 0.000064
24.220 0.000061
24.225 0.000058
24.230 0.000055
24.235 0.000055
24.240 0.000054
24.245 0.000052
24.250 0.000048
24.255 0.000046
24.260 0.000048
24.265 0.000050
24.270 0.000052
24.275 0.000054
24.280 0.000055
24.285 0.000054
24.290 0.000054
24.295 0.000054
24.300 0.000056
24.305 0.000057
24.310 0.000058
24.315 0.000059
24.320 0.000061
24.325 0.000062
24.330 0.000063
24.335 0.000065
24.340 0.000068
24.345 0.000070
24.350 0.000070
24.355 0.000071
24.360 0.000069
24.365 0.000067
24.370 0.000065
24.375 0.000063
24.380 0.000062
24.385 0.000060
24.390 0.000058
24.395 0.000056
24.400 0.000053
24.405 0.000050
24.410 0.000047
24.415 0.000045
24.420 0.000042
24.425 0.000041
24.430 0.000041
24.435 0.000039
24.440 0.000035
24.445 0.000031
24.450 0.000023
24.455 0.000016
24.460 0.000009
24.465 0.000005
24.470 0.000002
24.475 0.000001
24.480 0.000001
24.485 0.000001
24.490 0.000002
24.495 0.000002
24.500 -0.000000
24.505 -0.000004
24.510 -0.000007
24.515 -0.000010
24.520 -0.000013
24.525 -0.000015
24.530 -0.000015
24.535 -0.000015
24.540 -0.000018
24.545 -0.000022
24.550 -0.000025
24.555 -0.000027
24.560 -0.000030
24.565 -0.000034
24.570 -0.000039
24.575 -0.000045
24.580 -0.000053
24.585 -0.000062
24.590 -0.000067
24.595 -0.000069
24.600 -0.000072
24.605 -0.000071
24.610 -0.000070
24.615 -0.000069
24.620 -0.000067
24.625 -0.000066
24.630 -0.000062
24.635 -0.000059
24.640 -0.000058
24.645 -0.000060
24.650 -0.000062
24.655 -0.000066
24.660 -0.000069
24.665 -0.000072
24.670 -0.000070
24.675 -0.000069
24.680 -0.000068
24.685 -0.000067
24.690 -0.000064
24.695 -0.000060
24.700 -0.000056
24.705 -0.000052
24.710 -0.000049
24.715 -0.000047
24.720 -0.000048
24.725 -0.000050
24.730 -0.000050
24.735 -0.000049
24.740 -0.000048
24.745 -0.000047
24.750 -0.000045
24.755 -0.000043
24.760 -0.000039
24.765 -0.000036
24.770 -0.000031
24.775 -0.000025
24.780 -0.000019
24.785 -0.000016
24.790 -0.000012
24.795 -0.000010
24.800 -0.000009
24.805 -0.000008
24.810 -0.000010
24.815 -0.000012
24.820 -0.000009
24.825 -0.000005
24.830 0.000000
24.835 0.000006
24.840 0.000012
24.845 0.000017
24.850 0.000022
24.855 0.000028
24.860 0.000028
24.865 0.000029
24.870 0.000028
24.875 0.000027
24.880 0.000025
24.885 0.000028
24.890 0.000033
24.895 0.000038
24.900 0.000044
24.905 0.000050
24.910 0.000054
24.915 0.000058
24.920 0.000062
24.925 0.000066
24.930 0.000070
24.935 0.000074
24.940 0.000077
24.945 0.000080
24.950 0.000082
24.955 0.000084
24.960 0.000089
24.965 0.000099
24.970 0.000109
24.975 0.000111
24.980 0.000112
24.985 0.000112
24.990 0.000111
24.995 0.000110
25.000 0.000106
25.005 0.000103
25.010 0.000099
25.015 0.000096
25.020 0.000093
25.025 0.000091
25.030 0.000091
25.035 0.000090
25.040 0.000090
25.045 0.000091
25.050 0.000090
25.055 0.000089
25.060 0.000087
25.065 0.000087
25.070 0.000087
25.075 0.000086
25.080 0.000083
25.085 0.000079
25.090 0.000076
25.095 0.000074
25.100 0.000073
25.105 0.000073
25.110 0.000074
25.115 0.000075
25.120 0.000075
25.125 0.000075
25.130 0.000073
25.135 0.000071
25.140 0.000068
25.145 0.000063
25.150 0.000058
25.155 0.000050
25.160 0.000043
25.165 0.000038
25.170 0.000036
25.175 0.000033
25.180 0.000031
25.185 0.000029
25.190 0.000027
25.195 0.000025
25.200 0.000023
25.205 0.000022
25.210 0.000022
25.215 0.000020
25.220 0.000015
25.225 0.000011
25.230 0.000006
25.235 0.000002
25.240 -0.000001
25.245 -0.000002
25.250 -0.000003
25.255 -0.000002
25.260 -0.000001
25.265 0.000001
25.270 -0.000001
25.275 -0.000002
25.280 -0.000006
25.285 -0.000011
25.290 -0.000016
25.295 -0.000022
25.300 -0.000028
25.305 -0.000034
25.310 -0.000037
25.315 -0.000040
25.320 -0.000042
25.325 -0.000045
25.330 -0.000047
25.335 -0.000045
25.340 -0.000042
25.345 -0.000045
25.350 -0.000050
25.355 -0.000054
25.360 -0.000056
25.365 -0.000058
25.370 -0.000059
25.375 -0.000060
25.380 -0.000061
25.385 -0.000060
25.390 -0.000060
25.395 -0.000059
25.400 -0.000058
25.405 -0.000056
25.410 -0.000057
25.415 -0.000057
25.420 -0.000058
25.425 -0.000058
25.430 -0.000057
25.435 -0.000053
25.440 -0.000048
25.445 -0.000044
25.450 -0.000046
25.455 -0.000048
25.460 -0.000050
25.465 -0.000050
25.470 -0.000051
25.475 -0.000049
25.480 -0.000048
25.485 -0.000047
25.490 -0.000045
25.495 -0.000044
25.500 -0.000043
25.505 -0.000042
25.510 -0.000041
25.515 -0.000038
25.520 -0.000035
25.525 -0.000030
25.530 -0.000024
25.535 -0.000018
25.540 -0.000010
25.545 -0.000003
25.550 0.000000
25.555 0.000000
25.560 0.000001
25.565 0.000005
25.570 0.000010
25.575 0.000013
25.580 0.000016
25.585 0.000019
25.590 0.000018
25.595 0.000017
25.600 0.000018
25.605 0.000020
25.610 0.000023
25.615 0.000025
25.620 0.000027
25.625 0.000029
25.630 0.000034
25.635 0.000039
25.640 0.000041
25.645 0.000043
25.650 0.000045
25.655 0.000047
25.660 0.000048
25.665 0.000050
25.670 0.000051
25.675 0.000052
25.680 0.000057
25.685 0.000061
25.690 0.000065
25.695 0.000068
25.700 0.000071
25.705 0.000072
25.710 0.000073
25.715 0.000074
25.720 0.000076
25.725 0.000078
25.730 0.000079
25.735 0.000081
25.740 0.000083
25.745 0.000085
25.750 0.000088
25.755 0.000088
25.760 0.000087
25.765 0.000086
25.770 0.000087
25.775 0.000089
25.780 0.000089
25.785 0.000090
25.790 0.000090
25.795 0.000095
25.800 0.000099
25.805 0.000103
25.810 0.000107
25.815 0.000111
25.820 0.000107
25.825 0.000101
25.830 0.000098
25.835 0.000097
25.840 0.000096
25.845 0.000095
25.850 0.000096
25.855 0.000095
25.860 0.000093
25.865 0.000091
25.870 0.000087
25.875 0.000081
25.880 0.000076
25.885 0.000073
25.890 0.000069
25.895 0.000066
25.900 0.000064
25.905 0.000061
25.910 0.000053
25.915 0.000045
25.920 0.000038
25.925 0.000033
25.930 0.000028
25.935 0.000023
25.940 0.000019
25.945 0.000014
25.950 0.000007
25.955 0.000000
25.960 -0.000001
25.965 -0.000002
25.970 -0.000003
25.975 -0.000004
25.980 -0.000005
25.985 -0.000007
25.990 -0.000008
25.995 -0.000010
26.000 -0.000012
26.005 -0.000015
26.010 -0.000019
26.015 -0.000025
26.020 -0.000030
26.025 -0.000035
26.030 -0.000039
26.035 -0.000043
26.040 -0.000044
26.045 -0.000045
26.050 -0.000042
26.055 -0.000040
26.060 -0.000038
26.065 -0.000039
26.070 -0.000040
26.075 -0.000042
26.080 -0.000044
26.085 -0.000047
26.090 -0.000048
26.095 -0.000049
26.100 -0.000051
26.105 -0.000053
26.110 -0.000055
26.115 -0.000056
26.120 -0.000057
26.125 -0.000058
26.130 -0.000060
26.135 -0.000062
26.140 -0.000060
26.145 -0.000058
26.150 -0.000056
26.155 -0.000055
26.160 -0.000054
26.165 -0.000055
26.170 -0.000055
26.175 -0.000056
26.180 -0.000059
26.185 -0.000062
26.190 -0.000064
26.195 -0.000065
26.200 -0.000065
26.205 -0.000063
26.210 -0.000060
26.215 -0.000057
26.220 -0.000054
26.225 -0.000051
26.230 -0.000049
26.235 -0.000047
26.240 -0.000045
26.245 -0.000043
26.250 -0.000041
26.255 -0.000038
26.260 -0.000034
26.265 -0.000031
26.270 -0.000028
26.275 -0.000025
26.280 -0.000022
26.285 -0.000019
26.290 -0.000014
26.295 -0.000006
26.300 0.000003
26.305 0.000008
26.310 0.000011
26.315 0.000015
26.320 0.000022
26.325 0.000029
26.330 0.000035
26.335 0.000039
26.340 0.000043
26.345 0.000044
26.350 0.000045
26.355 0.000046
26.360 0.000049
26.365 0.000052
26.370 0.000053
26.375 0.000053
26.380 0.000054
26.385 0.000056
26.390 0.000058
26.395 0.000062
26.400 0.000067
26.405 0.000071
26.410 0.000074
26.415 0.000077
26.420 0.000077
26.425 0.000076
26.430 0.000074
26.435 0.000070
26.440 0.000067
26.445 0.000064
26.450 0.000062
26.455 0.000060
26.460 0.000060
26.465 0.000060
26.470 0.000060
26.475 0.000060
26.480 0.000060
26.485 0.000060
26.490 0.000060
26.495 0.000059
26.500 0.000059
26.505 0.000058
26.510 0.000058
26.515 0.000057
26.520 0.000056
26.525 0.000056
26.530 0.000057
26.535 0.000058
26.540 0.000060
26.545 0.000063
26.550 0.000064
26.555 0.000065
26.560 0.000066
26.565 0.000066
26.570 0.000066
26.575 0.000063
26.580 0.000060
26.585 0.000057
26.590 0.000056
26.595 0.000055
26.600 0.000053
26.605 0.000050
26.610 0.000047
26.615 0.000041
26.620 0.000036
26.625 0.000033
26.630 0.000030
26.635 0.000028
26.640 0.000024
26.645 0.000020
26.650 0.000017
26.655 0.000012
26.660 0.000008
26.665 0.000003
26.670 -0.000002
26.675 -0.000006
26.680 -0.000011
26.685 -0.000015
26.690 -0.000018
26.695 -0.000022
26.700 -0.000025
26.705 -0.000030
26.710 -0.000034
26.715 -0.000034
26.720 -0.000033
26.725 -0.000031
26.730 -0.000029
26.735 -0.000026
26.740 -0.000026
26.745 -0.000027
26.750 -0.000027
26.755 -0.000024
26.760 -0.000021
26.765 -0.000019
26.770 -0.000017
26.775 -0.000015
26.780 -0.000019
26.785 -0.000024
26.790 -0.000026
26.795 -0.000025
26.800 -0.000025
26.805 -0.000025
26.810 -0.000026
26.815 -0.000026
26.820 -0.000024
26.825 -0.000021
26.830 -0.000019
26.835 -0.000017
26.840 -0.000015
26.845 -0.000016
26.850 -0.000017
26.855 -0.000017
26.860 -0.000015
26.865 -0.000014
26.870 -0.000014
26.875 -0.000013
26.880 -0.000012
26.885 -0.000009
26.890 -0.000007
26.895 -0.000008
26.900 -0.000009
26.905 -0.000011
26.910 -0.000014
26.915 -0.000017
26.920 -0.000020
26.925 -0.000022
26.930 -0.000024
26.935 -0.000023
26.940 -0.000023
26.945 -0.000021
26.950 -0.000020
26.955 -0.000018
26.960 -0.000014
26.965 -0.000010
26.970 -0.000008
26.975 -0.000007
26.980 -0.000007
26.985 -0.000004
26.990 -0.000002
26.995 0.000001
27.000 0.000004
27.005 0.000007
27.010 0.000009
27.015 0.000010
27.020 0.000012
27.025 0.000016
27.030 0.000020
27.035 0.000020
27.040 0.000019
27.045 0.000019
27.050 0.000020
27.055 0.000021
27.060 0.000023
27.065 0.000025
27.070 0.000027
27.075 0.000029
27.080 0.000031
27.085 0.000032
27.090 0.000034
27.095 0.000036
27.100 0.000035
27.105 0.000034
27.110 0.000032
27.115 0.000029
27.120 0.000026
27.125 0.000023
27.130 0.000020
27.135 0.000018
27.140 0.000015
27.145 0.000012
27.150 0.000011
27.155 0.000011
27.160 0.000011
27.165 0.000011
27.170 0.000011
27.175 0.000011
27.180 0.000010
27.185 0.000009
27.190 0.000010
27.195 0.000011
27.200 0.000010
27.205 0.000009
27.210 0.000008
27.215 0.000005
27.220 0.000003
27.225 0.000002
27.230 0.000003
27.235 0.000005
27.240 0.000006
27.245 0.000006
27.250 0.000007
27.255 0.000006
27.260 0.000004
27.265 0.000004
27.270 0.000003
27.275 0.000003
27.280 0.000004
27.285 0.000005
27.290 0.000005
27.295 0.000005
27.300 0.000004
27.305 -0.000001
27.310 -0.000007
27.315 -0.000011
27.320 -0.000014
27.325 -0.000017
27.330 -0.000021
27.335 -0.000026
27.340 -0.000031
27.345 -0.000037
27.350 -0.000042
27.355 -0.000044
27.360 -0.000045
27.365 -0.000046
27.370 -0.000048
27.375 -0.000051
27.380 -0.000052
27.385 -0.000053
27.390 -0.000054
27.395 -0.000054
27.400 -0.000055
27.405 -0.000056
27.410 -0.000058
27.415 -0.000060
27.420 -0.000056
27.425 -0.000051
27.430 -0.000048
27.435 -0.000048
27.440 -0.000047
27.445 -0.000048
27.450 -0.000048
27.455 -0.000049
27.460 -0.000048
27.465 -0.000047
27.470 -0.000049
27.475 -0.000050
27.480 -0.000052
27.485 -0.000054
27.490 -0.000055
27.495 -0.000053
27.500 -0.000049
27.505 -0.000046
27.510 -0.000042
27.515 -0.000038
27.520 -0.000036
27.525 -0.000036
27.530 -0.000035
27.535 -0.000036
27.540 -0.000037
27.545 -0.000038
27.550 -0.000039
27.555 -0.000039
27.560 -0.000041
27.565 -0.000044
27.570 -0.000046
27.575 -0.000044
27.580 -0.000043
27.585 -0.000043
27.590 -0.000046
27.595 -0.000048
27.600 -0.000049
27.605 -0.000051
27.610 -0.000052
27.615 -0.000053
27.620 -0.000053
27.625 -0.000056
27.630 -0.000060
27.635 -0.000062
27.640 -0.000065
27.645 -0.000067
27.650 -0.000069
27.655 -0.000071
27.660 -0.000072
27.665 -0.000069
27.670 -0.000066
27.675 -0.000061
27.680 -0.000055
27.685 -0.000048
27.690 -0.000040
27.695 -0.000032
27.700 -0.000029
27.705 -0.000028
27.710 -0.000026
27.715 -0.000017
27.720 -0.000007
27.725 0.000001
27.730 0.000009
27.735 0.000016
27.740 0.000018
27.745 0.000019
27.750 0.000021
27.755 0.000023
27.760 0.000026
27.765 0.000027
27.770 0.000028
27.775 0.000030
27.780 0.000032
27.785 0.000034
27.790 0.000035
27.795 0.000036
27.800 0.000037
27.805 0.000037
27.810 0.000037
27.815 0.000039
27.820 0.000042
27.825 0.000045
27.830 0.000048
27.835 0.000051
27.840 0.000053
27.845 0.000053
27.850 0.000054
27.855 0.000054
27.860 0.000055
27.865 0.000056
27.870 0.000058
27.875 0.000060
27.880 0.000060
27.885 0.000059
27.890 0.000059
27.895 0.000059
27.900 0.000059
27.905 0.000059
27.910 0.000058
27.915 0.000057
27.920 0.000056
27.925 0.000055
27.930 0.000055
27.935 0.000058
27.940 0.000060
27.945 0.000062
27.950 0.000064
27.955 0.000064
27.960 0.000062
27.965 0.000060
27.970 0.000063
27.975 0.000067
27.980 0.000070
27.985 0.000075
27.990 0.000079
27.995 0.000079
28.000 0.000078
28.005 0.000077
28.010 0.000074
28.015 0.000071
28.020 0.000070
28.025 0.000070
28.030 0.000071
28.035 0.000073
28.040 0.000075
28.045 0.000073
28.050 0.000068
28.055 0.000062
28.060 0.000057
28.065 0.000052
28.070 0.000047
28.075 0.000042
28.080 0.000037
28.085 0.000036
28.090 0.000035
28.095 0.000032
28.100 0.000025
28.105 0.000017
28.110 0.000010
28.115 0.000005
28.120 -0.000001
28.125 -0.000004
28.130 -0.000007
28.135 -0.000011
28.140 -0.000016
28.145 -0.000020
28.150 -0.000021
28.155 -0.000023
28.160 -0.000025
28.165 -0.000028
28.170 -0.000031
28.175 -0.000028
28.180 -0.000025
28.185 -0.000022
28.190 -0.000022
28.195 -0.000022
28.200 -0.000023
28.205 -0.000024
28.210 -0.000027
28.215 -0.000033
28.220 -0.000038
28.225 -0.000043
28.230 -0.000047
28.235 -0.000051
28.240 -0.000051
28.245 -0.000051
28.250 -0.000052
28.255 -0.000054
28.260 -0.000056
28.265 -0.000060
28.270 -0.000063
28.275 -0.000066
28.280 -0.000066
28.285 -0.000067
28.290 -0.000064
28.295 -0.000061
28.300 -0.000059
28.305 -0.000057
28.310 -0.000056
28.315 -0.000057
28.320 -0.000059
28.325 -0.000060
28.330 -0.000056
28.335 -0.000052
28.340 -0.000049
28.345 -0.000045
28.350 -0.000042
28.355 -0.000041
28.360 -0.000040
28.365 -0.000039
28.370 -0.000040
28.375 -0.000040
28.380 -0.000037
28.385 -0.000033
28.390 -0.000029
28.395 -0.000023
28.400 -0.000017
28.405 -0.000014
28.410 -0.000011
28.415 -0.000008
28.420 -0.000007
28.425 -0.000005
28.430 -0.000001
28.435 0.000005
28.440 0.000010
28.445 0.000011
28.450 0.000013
28.455 0.000014
28.460 0.000016
28.465 0.000017
28.470 0.000020
28.475 0.000024
28.480 0.000026
28.485 0.000028
28.490 0.000029
28.495 0.000032
28.500 0.000035
28.505 0.000039
28.510 0.000041
28.515 0.000044
28.520 0.000046
28.525 0.000048
28.530 0.000050
28.535 0.000050
28.540 0.000049
28.545 0.000050
28.550 0.000051
28.555 0.000052
28.560 0.000049
28.565 0.000047
28.570 0.000046
28.575 0.000047
28.580 0.000048
28.585 0.000046
28.590 0.000044
28.595 0.000043
28.600 0.000044
28.605 0.000044
28.610 0.000047
28.615 0.000049
28.620 0.000052
28.625 0.000055
28.630 0.000059
28.635 0.000062
28.640 0.000065
28.645 0.000068
28.650 0.000070
28.655 0.000071
28.660 0.000070
28.665 0.000066
28.670 0.000062
28.675 0.000060
28.680 0.000058
28.685 0.000058
28.690 0.000058
28.695 0.000058
28.700 0.000060
28.705 0.000063
28.710 0.000063
28.715 0.000059
28.720 0.000055
28.725 0.000054
28.730 0.000053
28.735 0.000052
28.740 0.000051
28.745 0.000050
28.750 0.000049
28.755 0.000048
28.760 0.000047
28.765 0.000043
28.770 0.000038
28.775 0.000035
28.780 0.000034
28.785 0.000032
28.790 0.000030
28.795 0.000028
28.800 0.000025
28.805 0.000021
28.810 0.000017
28.815 0.000011
28.820 0.000005
28.825 0.000000
28.830 -0.000001
28.835 -0.000002
28.840 -0.000001
28.845 -0.000000
28.850 -0.000001
28.855 -0.000005
28.860 -0.000008
28.865 -0.000011
28.870 -0.000012
28.875 -0.000014
28.880 -0.000020
28.885 -0.000027
28.890 -0.000030
28.895 -0.000031
28.900 -0.000031
28.905 -0.000030
28.910 -0.000029
28.915 -0.000029
28.920 -0.000029
28.925 -0.000029
28.930 -0.000031
28.935 -0.000034
28.940 -0.000036
28.945 -0.000038
28.950 -0.000039
28.955 -0.000042
28.960 -0.000045
28.965 -0.000048
28.970 -0.000046
28.975 -0.000044
28.980 -0.000043
28.985 -0.000043
28.990 -0.000043
28.995 -0.000047
29.000 -0.000050
29.005 -0.000054
29.010 -0.000058
29.015 -0.000062
29.020 -0.000064
29.025 -0.000067
29.030 -0.000069
29.035 -0.000069
29.040 -0.000070
29.045 -0.000066
29.050 -0.000062
29.055 -0.000058
29.060 -0.000057
29.065 -0.000055
29.070 -0.000053
29.075 -0.000051
29.080 -0.000049
29.085 -0.000051
29.090 -0.000052
29.095 -0.000051
29.100 -0.000049
29.105 -0.000046
29.110 -0.000046
29.115 -0.000046
29.120 -0.000046
29.125 -0.000045
29.130 -0.000044
29.135 -0.000045
29.140 -0.000046
29.145 -0.000047
29.150 -0.000045
29.155 -0.000043
29.160 -0.000041
29.165 -0.000039
29.170 -0.000038
29.175 -0.000037
29.180 -0.000036
29.185 -0.000035
29.190 -0.000032
29.195 -0.000030
29.200 -0.000027
29.205 -0.000024
29.210 -0.000022
29.215 -0.000020
29.220 -0.000019
29.225 -0.000016
29.230 -0.000014
29.235 -0.000012
29.240 -0.000010
29.245 -0.000008
29.250 -0.000006
29.255 -0.000003
29.260 0.000000
29.265 0.000007
29.270 0.000014
29.275 0.000017
29.280 0.000018
29.285 0.000020
29.290 0.000022
29.295 0.000024
29.300 0.000027
29.305 0.000029
29.310 0.000032
29.315 0.000033
29.320 0.000034
29.325 0.000036
29.330 0.000039
29.335 0.000042
29.340 0.000043
29.345 0.000044
29.350 0.000045
29.355 0.000045
29.360 0.000045
29.365 0.000046
29.370 0.000046
29.375 0.000047
29.380 0.000048
29.385 0.000048
29.390 0.000050
29.395 0.000052
29.400 0.000054
29.405 0.000055
29.410 0.000056
29.415 0.000056
29.420 0.000054
29.425 0.000052
29.430 0.000050
29.435 0.000047
29.440 0.000044
29.445 0.000038
29.450 0.000033
29.455 0.000032
29.460 0.000031
29.465 0.000030
29.470 0.000028
29.475 0.000026
29.480 0.000022
29.485 0.000019
29.490 0.000015
29.495 0.000013
29.500 0.000011
29.505 0.000009
29.510 0.000005
29.515 0.000002
29.520 0.000001
29.525 0.000001
29.530 0.000001
29.535 0.000002
29.540 0.000003
29.545 0.000002
29.550 0.000002
29.555 0.000001
