0.000000 -1.520703
0.006528 -1.519916
0.013056 -1.519432
0.019584 -1.518767
0.026113 -1.517551
0.032641 -1.520243
0.039169 -1.520065
0.045697 -1.520681
0.052225 -1.520442
0.058753 -1.521850
0.065281 -1.523564
0.071810 -1.523081
0.078338 -1.521439
0.084866 -1.521261
0.091394 -1.521205
0.097922 -1.521088
0.104450 -1.521459
0.110978 -1.523233
0.117507 -1.523238
0.124035 -1.524403
0.130563 -1.525323
0.137091 -1.524229
0.143619 -1.523013
0.150147 -1.523933
0.156675 -1.523633
0.163204 -1.524491
0.169732 -1.524863
0.176260 -1.525355
0.182788 -1.525177
0.189316 -1.525730
0.195844 -1.527382
0.202373 -1.526410
0.208901 -1.523301
0.215429 -1.522512
0.221957 -1.523553
0.228485 -1.524168
0.235013 -1.523561
0.241541 -1.523933
0.248070 -1.524730
0.254598 -1.525405
0.261126 -1.525652
0.267654 -1.524436
0.274182 -1.523097
0.280710 -1.522246
0.287238 -1.522494
0.293767 -1.523474
0.300295 -1.522685
0.306823 -1.522872
0.313351 -1.523119
0.319879 -1.523733
0.326407 -1.524652
0.332935 -1.523923
0.339464 -1.522644
0.345992 -1.522160
0.352520 -1.522651
0.359048 -1.522166
0.365576 -1.521864
0.372104 -1.522051
0.378632 -1.521382
0.385161 -1.521813
0.391689 -1.521877
0.398217 -1.522002
0.404745 -1.522188
0.411273 -1.522496
0.417801 -1.522377
0.424329 -1.522258
0.430858 -1.521832
0.437386 -1.520981
0.443914 -1.519763
0.450442 -1.520010
0.456970 -1.520134
0.463498 -1.519039
0.470026 -1.519102
0.476555 -1.519715
0.483083 -1.520876
0.489611 -1.520635
0.496139 -1.521003
0.502667 -1.520945
0.509195 -1.519605
0.515723 -1.519301
0.522252 -1.519547
0.528780 -1.519611
0.535308 -1.519674
0.541836 -1.519921
0.548364 -1.520411
0.554892 -1.520840
0.561421 -1.521513
0.567949 -1.522065
0.574477 -1.521456
0.581005 -1.521640
0.587533 -1.521947
0.594061 -1.522010
0.600589 -1.521463
0.607118 -1.521403
0.613646 -1.521466
0.620174 -1.521650
0.626702 -1.521896
0.633230 -1.521715
0.639758 -1.521228
0.646286 -1.522327
0.652815 -1.524282
0.659343 -1.524711
0.665871 -1.524406
0.672399 -1.524531
0.678927 -1.525508
0.685455 -1.524838
0.691983 -1.523313
0.698512 -1.522642
0.705040 -1.523070
0.711568 -1.524780
0.718096 -1.524965
0.724624 -1.524721
0.731152 -1.525638
0.737680 -1.528446
0.744209 -1.529118
0.750737 -1.528814
0.757265 -1.528448
0.763793 -1.527350
0.770321 -1.526862
0.776849 -1.526558
0.783377 -1.525704
0.789906 -1.525582
0.796434 -1.526986
0.802962 -1.528756
0.809490 -1.529856
0.816018 -1.529917
0.822546 -1.531076
0.829074 -1.531687
0.835603 -1.531199
0.842131 -1.529185
0.848659 -1.527232
0.855187 -1.526866
0.861715 -1.527354
0.868243 -1.528453
0.874771 -1.529063
0.881300 -1.529795
0.887828 -1.531503
0.894356 -1.533029
0.900884 -1.532602
0.907412 -1.531869
0.913940 -1.531502
0.920469 -1.529305
0.926997 -1.528511
0.933525 -1.528571
0.940053 -1.528999
0.946581 -1.529181
0.953109 -1.530461
0.959637 -1.531804
0.966166 -1.532719
0.972694 -1.532840
0.979222 -1.532351
0.985750 -1.531984
0.992278 -1.531373
0.998806 -1.530883
1.005334 -1.530333
1.011863 -1.530027
1.018391 -1.529660
1.024919 -1.530574
1.031447 -1.531305
1.037975 -1.531549
1.044503 -1.532036
1.051031 -1.531851
1.057560 -1.531972
1.064088 -1.531788
1.070616 -1.531480
1.077144 -1.530259
1.083672 -1.529769
1.090200 -1.529767
1.096728 -1.529827
1.103257 -1.529764
1.109785 -1.529640
1.116313 -1.529700
1.122841 -1.530247
1.129369 -1.530306
1.135897 -1.529694
1.142425 -1.529327
1.148954 -1.529386
1.155482 -1.529445
1.162010 -1.528954
1.168538 -1.528647
1.175066 -1.528462
1.181594 -1.527850
1.188122 -1.528031
1.194651 -1.528150
1.201179 -1.527415
1.207707 -1.527108
1.214235 -1.527045
1.220763 -1.527286
1.227291 -1.527162
1.233819 -1.527891
1.240348 -1.527950
1.246876 -1.527704
1.253404 -1.527579
1.259932 -1.527637
1.266460 -1.527147
1.272988 -1.526167
1.279517 -1.526225
1.286045 -1.526895
1.292573 -1.527563
1.299101 -1.527621
1.305629 -1.528045
1.312157 -1.527920
1.318685 -1.527795
1.325214 -1.528768
1.331742 -1.528216
1.338270 -1.526443
1.344798 -1.526501
1.351326 -1.527474
1.357854 -1.527898
1.364382 -1.527834
1.370911 -1.528319
1.377439 -1.528925
1.383967 -1.529166
1.390495 -1.530444
1.397023 -1.530502
1.403551 -1.529827
1.410079 -1.530068
1.416608 -1.530735
1.423136 -1.530915
1.429664 -1.530118
1.436192 -1.530114
1.442720 -1.531452
1.449248 -1.532730
1.455776 -1.533337
1.462305 -1.532784
1.468833 -1.532902
1.475361 -1.533814
1.481889 -1.534237
1.488417 -1.533928
1.494945 -1.533251
1.501473 -1.533369
1.508002 -1.534525
1.514530 -1.534887
1.521058 -1.534577
1.527586 -1.535000
1.534114 -1.535484
1.540642 -1.535235
1.547170 -1.534255
1.553699 -1.534311
1.560227 -1.535283
1.566755 -1.535827
1.573283 -1.536066
1.579811 -1.535513
1.586339 -1.535813
1.592867 -1.536358
1.599396 -1.536047
1.605924 -1.536287
1.612452 -1.536710
1.618980 -1.536766
1.625508 -1.537371
1.632036 -1.537061
1.638565 -1.537117
1.645093 -1.538088
1.651621 -1.539486
1.658149 -1.540091
1.664677 -1.539110
1.671205 -1.538311
1.677733 -1.537939
1.684262 -1.537629
1.690790 -1.537563
1.697318 -1.537374
1.703846 -1.537674
1.710374 -1.538034
1.716902 -1.538456
1.723430 -1.538145
1.729959 -1.538078
1.736487 -1.537707
1.743015 -1.537273
1.749543 -1.537267
1.756071 -1.536590
1.762599 -1.536218
1.769127 -1.536700
1.775656 -1.537121
1.782184 -1.537176
1.788712 -1.536865
1.795240 -1.536554
1.801768 -1.536364
1.808296 -1.536847
1.814824 -1.536536
1.821353 -1.536040
1.827881 -1.536217
1.834409 -1.536089
1.840937 -1.535472
1.847465 -1.535161
1.853993 -1.535398
1.860521 -1.535819
1.867050 -1.535629
1.873578 -1.535501
1.880106 -1.535616
1.886634 -1.535303
1.893162 -1.535847
1.899690 -1.535535
1.906218 -1.535039
1.912747 -1.534666
1.919275 -1.534232
1.925803 -1.533492
1.932331 -1.532814
1.938859 -1.533051
1.945387 -1.534020
1.951915 -1.534441
1.958444 -1.534189
1.964972 -1.533877
1.971500 -1.534236
1.978028 -1.533923
1.984556 -1.533245
1.991084 -1.532872
1.997613 -1.533413
2.004141 -1.533772
2.010669 -1.534069
2.017197 -1.534245
2.023725 -1.534542
2.030253 -1.535328
2.036781 -1.535870
2.043310 -1.535801
2.049838 -1.535793
2.056366 -1.535664
2.062894 -1.535961
2.069422 -1.535770
2.075950 -1.534907
2.082478 -1.533923
2.089007 -1.534647
2.095535 -1.535310
2.102063 -1.535852
2.108591 -1.535783
2.115119 -1.535957
2.121647 -1.537108
2.128175 -1.537467
2.134704 -1.536543
2.141232 -1.536229
2.147760 -1.537014
2.154288 -1.536883
2.160816 -1.536204
2.167344 -1.536073
2.173872 -1.536309
2.180401 -1.536727
2.186929 -1.537512
2.193457 -1.538175
2.199985 -1.538227
2.206513 -1.538645
2.213041 -1.539308
2.219569 -1.539116
2.226098 -1.538314
2.232626 -1.537877
2.239154 -1.537929
2.245682 -1.538775
2.252210 -1.538827
2.258738 -1.538879
2.265266 -1.539479
2.271795 -1.540325
2.278323 -1.541109
2.284851 -1.541527
2.291379 -1.541212
2.297907 -1.541508
2.304435 -1.541865
2.310963 -1.541306
2.317492 -1.540320
2.324020 -1.540554
2.330548 -1.541095
2.337076 -1.541146
2.343604 -1.541746
2.350132 -1.542775
2.356661 -1.543558
2.363189 -1.544280
2.369717 -1.545003
2.376245 -1.544443
2.382773 -1.543762
2.389301 -1.543752
2.395829 -1.543315
2.402358 -1.543183
2.408886 -1.542867
2.415414 -1.542918
2.421942 -1.543824
2.428470 -1.544241
2.434998 -1.544291
2.441526 -1.544586
2.448055 -1.545309
2.454583 -1.545542
2.461111 -1.544372
2.467639 -1.543873
2.474167 -1.543680
2.480695 -1.543546
2.487223 -1.543659
2.493752 -1.543831
2.500280 -1.543759
2.506808 -1.543810
2.513336 -1.544165
2.519864 -1.544581
2.526392 -1.544326
2.532920 -1.543826
2.539449 -1.543510
2.545977 -1.543072
2.552505 -1.542573
2.559033 -1.542073
2.565561 -1.541940
2.572089 -1.541502
2.578617 -1.541186
2.585146 -1.541174
2.591674 -1.541041
2.598202 -1.541335
2.604730 -1.542055
2.611258 -1.541739
2.617786 -1.541055
2.624314 -1.540312
2.630843 -1.540178
2.637371 -1.539923
2.643899 -1.539361
2.650427 -1.539411
2.656955 -1.539704
2.663483 -1.539753
2.670011 -1.539253
2.676540 -1.539851
2.683068 -1.539839
2.689596 -1.539157
2.696124 -1.539450
2.702652 -1.539682
2.709180 -1.540220
2.715709 -1.540451
2.722237 -1.540133
2.728765 -1.540366
2.735293 -1.540415
2.741821 -1.540280
2.748349 -1.539291
2.754877 -1.539096
2.761406 -1.539510
2.767934 -1.540108
2.774462 -1.540401
2.780990 -1.540388
2.787518 -1.540803
2.794046 -1.541645
2.800574 -1.541998
2.807103 -1.541314
2.813631 -1.540447
2.820159 -1.540312
2.826687 -1.540055
2.833215 -1.540225
2.839743 -1.540700
2.846271 -1.540931
2.852800 -1.542322
2.859328 -1.543713
2.865856 -1.543578
2.872384 -1.543015
2.878912 -1.542453
2.885440 -1.542562
2.891968 -1.542549
2.898497 -1.542596
2.905025 -1.542278
2.911553 -1.542936
2.918081 -1.543288
2.924609 -1.543459
2.931137 -1.544238
2.937665 -1.545140
2.944194 -1.545248
2.950722 -1.544868
2.957250 -1.545160
2.963778 -1.544963
2.970306 -1.544339
2.976834 -1.545057
2.983362 -1.545166
2.989891 -1.544603
2.996419 -1.544894
3.002947 -1.545673
3.009475 -1.545843
3.016003 -1.545951
3.022531 -1.546730
3.029059 -1.547386
3.035588 -1.547372
3.042116 -1.547114
3.048644 -1.547161
3.055172 -1.547024
3.061700 -1.546705
3.068228 -1.546569
3.074757 -1.546676
3.081285 -1.546906
3.087813 -1.547867
3.094341 -1.548830
3.100869 -1.548510
3.107397 -1.548434
3.113925 -1.549213
3.120454 -1.549198
3.126982 -1.548573
3.133510 -1.547886
3.140038 -1.548054
3.146566 -1.547795
3.153094 -1.548329
3.159622 -1.549108
3.166151 -1.548971
3.172679 -1.548650
3.179207 -1.548941
3.185735 -1.549292
3.192263 -1.550436
3.198791 -1.550360
3.205319 -1.549124
3.211848 -1.548559
3.218376 -1.548483
3.224904 -1.548101
3.231432 -1.548147
3.237960 -1.547582
3.244488 -1.547689
3.251016 -1.548649
3.257545 -1.549305
3.264073 -1.549106
3.270601 -1.548846
3.277129 -1.548586
3.283657 -1.547960
3.290185 -1.547639
3.296713 -1.547135
3.303242 -1.546570
3.309770 -1.546615
3.316298 -1.547453
3.322826 -1.547498
3.329354 -1.546932
3.335882 -1.546977
3.342410 -1.547205
3.348939 -1.547433
3.355467 -1.547356
3.361995 -1.546973
3.368523 -1.546224
3.375051 -1.546147
3.381579 -1.546191
3.388107 -1.545626
3.394636 -1.545853
3.401164 -1.545775
3.407692 -1.545576
3.414220 -1.546047
3.420748 -1.546579
3.427276 -1.546502
3.433805 -1.546363
3.440333 -1.546163
3.446861 -1.545658
3.453389 -1.545213
3.459917 -1.545013
3.466445 -1.544874
3.472973 -1.545101
3.479502 -1.545023
3.486030 -1.545433
3.492558 -1.545477
3.499086 -1.545155
3.505614 -1.545870
3.512142 -1.545608
3.518670 -1.545835
3.525199 -1.546062
3.531727 -1.545556
3.538255 -1.544868
3.544783 -1.545033
3.551311 -1.545991
3.557839 -1.546035
3.564367 -1.546506
3.570896 -1.546489
3.577424 -1.546715
3.583952 -1.547124
3.590480 -1.547533
3.597008 -1.547759
3.603536 -1.547497
3.610064 -1.547358
3.616593 -1.547096
3.623121 -1.546528
3.629649 -1.546632
3.636177 -1.546797
3.642705 -1.547755
3.649233 -1.548164
3.655761 -1.548085
3.662290 -1.547944
3.668818 -1.547987
3.675346 -1.548518
3.681874 -1.548683
3.688402 -1.548420
3.694930 -1.548279
3.701458 -1.548811
3.707987 -1.549585
3.714515 -1.549811
3.721043 -1.550341
3.727571 -1.550750
3.734099 -1.551220
3.740627 -1.551079
3.747155 -1.550938
3.753684 -1.551285
3.760212 -1.551876
3.766740 -1.552589
3.773268 -1.552265
3.779796 -1.552307
3.786324 -1.552166
3.792853 -1.552757
3.799381 -1.552922
3.805909 -1.552474
3.812437 -1.553005
3.818965 -1.553596
3.825493 -1.553455
3.832021 -1.553252
3.838550 -1.553294
3.845078 -1.553579
3.851606 -1.553438
3.858134 -1.553967
3.864662 -1.554070
3.871190 -1.554050
3.877718 -1.553725
3.884247 -1.553767
3.890775 -1.553319
3.897303 -1.553360
3.903831 -1.553707
3.910359 -1.553809
3.916887 -1.553850
3.923415 -1.553646
3.929944 -1.554115
3.936472 -1.554339
3.943000 -1.554319
3.949528 -1.553872
3.956056 -1.553913
3.962584 -1.554136
3.969112 -1.553810
3.975641 -1.553302
3.982169 -1.553281
3.988697 -1.553505
3.995225 -1.553302
4.001753 -1.553586
4.008281 -1.552895
4.014809 -1.552691
4.021338 -1.552792
4.027866 -1.552650
4.034394 -1.552323
4.040922 -1.551936
4.047450 -1.551793
4.053978 -1.551651
4.060506 -1.551325
4.067035 -1.550998
4.073563 -1.550672
4.080091 -1.550834
4.086619 -1.551118
4.093147 -1.551403
4.099675 -1.551381
4.106203 -1.551298
4.112732 -1.551338
4.119260 -1.551073
4.125788 -1.550381
4.132316 -1.549871
4.138844 -1.549605
4.145372 -1.550133
4.151901 -1.549867
4.158429 -1.549906
4.164957 -1.550862
4.171485 -1.551267
4.178013 -1.550575
4.184541 -1.550736
4.191069 -1.550836
4.197598 -1.550142
4.204126 -1.549937
4.210654 -1.550160
4.217182 -1.549711
4.223710 -1.549567
4.230238 -1.550155
4.236766 -1.550011
4.243295 -1.550233
4.249823 -1.551127
4.256351 -1.551531
4.262879 -1.551570
4.269407 -1.551060
4.275935 -1.550916
4.282463 -1.550404
4.288992 -1.550138
4.295520 -1.550360
4.302048 -1.550520
4.308576 -1.550926
4.315104 -1.551391
4.321632 -1.552100
4.328160 -1.552383
4.334689 -1.552543
4.341217 -1.552581
4.347745 -1.553231
4.354273 -1.552597
4.360801 -1.552086
4.367329 -1.551880
4.373857 -1.551918
4.380386 -1.552017
4.386914 -1.552543
4.393442 -1.552947
4.399970 -1.553291
4.406498 -1.553878
4.413026 -1.554282
4.419554 -1.554259
4.426083 -1.554357
4.432611 -1.553968
4.439139 -1.553884
4.445667 -1.553860
4.452195 -1.553348
4.458723 -1.554179
4.465251 -1.554888
4.471780 -1.554803
4.478308 -1.554963
4.484836 -1.555367
4.491364 -1.555770
4.497892 -1.555991
4.504420 -1.555906
4.510949 -1.555882
4.517477 -1.555980
4.524005 -1.556017
4.530533 -1.555504
4.537061 -1.555358
4.543589 -1.555701
4.550117 -1.556653
4.556646 -1.556873
4.563174 -1.557643
4.569702 -1.558229
4.576230 -1.558082
4.582758 -1.557936
4.589286 -1.557301
4.595814 -1.556361
4.602343 -1.556581
4.608871 -1.557349
4.615399 -1.557081
4.621927 -1.557239
4.628455 -1.557825
4.634983 -1.558228
4.641511 -1.558692
4.648040 -1.558728
4.654568 -1.558215
4.661096 -1.557823
4.667624 -1.557859
4.674152 -1.557896
4.680680 -1.557932
4.687208 -1.557968
4.693737 -1.558004
4.700265 -1.558407
4.706793 -1.558991
4.713321 -1.558661
4.719849 -1.558575
4.726377 -1.558794
4.732905 -1.558219
4.739434 -1.557461
4.745962 -1.557131
4.752490 -1.557167
4.759018 -1.557568
4.765546 -1.557482
4.772074 -1.557273
4.778602 -1.557126
4.785131 -1.557344
4.791659 -1.557196
4.798187 -1.556865
4.804715 -1.556900
4.811243 -1.556935
4.817771 -1.556604
4.824299 -1.555541
4.830828 -1.555392
4.837356 -1.555611
4.843884 -1.555463
4.850412 -1.555925
4.856940 -1.555777
4.863468 -1.555506
4.869997 -1.555236
4.876525 -1.554905
4.883053 -1.554513
4.889581 -1.554242
4.896109 -1.554277
4.902637 -1.553945
4.909165 -1.554346
4.915694 -1.554320
4.922222 -1.554598
4.928750 -1.554572
4.935278 -1.554484
4.941806 -1.554090
4.948334 -1.553942
4.954862 -1.554159
4.961391 -1.554560
4.967919 -1.554288
4.974447 -1.553591
4.980975 -1.552832
4.987503 -1.552988
4.994031 -1.553632
5.000559 -1.554093
5.007088 -1.554310
5.013616 -1.554649
5.020144 -1.554744
5.026672 -1.555083
5.033200 -1.554934
5.039728 -1.554296
5.046256 -1.554696
5.052785 -1.554912
5.059313 -1.555496
5.065841 -1.555712
5.072369 -1.556112
5.078897 -1.556328
5.085425 -1.556728
5.091953 -1.557189
5.098482 -1.557283
5.105010 -1.557317
5.111538 -1.557716
5.118066 -1.557688
5.124594 -1.557355
5.131122 -1.557206
5.137650 -1.557117
5.144179 -1.557027
5.150707 -1.557366
5.157235 -1.558131
5.163763 -1.558713
5.170291 -1.558867
5.176819 -1.558900
5.183347 -1.558933
5.189876 -1.559516
5.196404 -1.559365
5.202932 -1.558848
5.209460 -1.558332
5.215988 -1.558425
5.222516 -1.558946
5.229045 -1.559345
5.235573 -1.559744
5.242101 -1.560142
5.248629 -1.561029
5.255157 -1.561489
5.261685 -1.561338
5.268213 -1.561186
5.274742 -1.560670
5.281270 -1.560458
5.287798 -1.560490
5.294326 -1.560156
5.300854 -1.560371
5.307382 -1.561013
5.313910 -1.561839
5.320439 -1.561871
5.326967 -1.561659
5.333495 -1.561506
5.340023 -1.561172
5.346551 -1.561570
5.353079 -1.561236
5.359607 -1.560535
5.366136 -1.560750
5.372664 -1.560781
5.379192 -1.560935
5.385720 -1.560844
5.392248 -1.560998
5.398776 -1.561151
5.405304 -1.561915
5.411833 -1.562130
5.418361 -1.561611
5.424889 -1.561215
5.431417 -1.560880
5.437945 -1.560546
5.444473 -1.560516
5.451001 -1.560730
5.457530 -1.561188
5.464058 -1.561768
5.470586 -1.562227
5.477114 -1.561829
5.483642 -1.561555
5.490170 -1.561342
5.496698 -1.561129
5.503227 -1.561037
5.509755 -1.560702
5.516283 -1.560549
5.522811 -1.560335
5.529339 -1.560183
5.535867 -1.560030
5.542395 -1.560061
5.548924 -1.559908
5.555452 -1.560122
5.561980 -1.559969
5.568508 -1.559328
5.575036 -1.559358
5.581564 -1.559389
5.588093 -1.559358
5.594621 -1.559204
5.601149 -1.559295
5.607677 -1.559081
5.614205 -1.558928
5.620733 -1.558409
5.627261 -1.558439
5.633790 -1.558285
5.640318 -1.558620
5.646846 -1.559016
5.653374 -1.559107
5.659902 -1.559319
5.666430 -1.559105
5.672958 -1.558647
5.679487 -1.558127
5.686015 -1.558096
5.692543 -1.558308
5.699071 -1.558521
5.705599 -1.558245
5.712127 -1.558457
5.718655 -1.558487
5.725184 -1.558455
5.731712 -1.558545
5.738240 -1.558207
5.744768 -1.557992
5.751296 -1.557716
5.757824 -1.557319
5.764352 -1.557348
5.770881 -1.557803
5.777409 -1.558687
5.783937 -1.558899
5.790465 -1.558989
5.796993 -1.559201
5.803521 -1.558681
5.810049 -1.559380
5.816578 -1.559592
5.823106 -1.559499
5.829634 -1.559344
5.836162 -1.559556
5.842690 -1.559950
5.849218 -1.560223
5.855746 -1.560434
5.862275 -1.560890
5.868803 -1.560919
5.875331 -1.560336
5.881859 -1.560486
5.888387 -1.560514
5.894915 -1.560665
5.901443 -1.561243
5.907972 -1.561271
5.914500 -1.561665
5.921028 -1.561632
5.927556 -1.561721
5.934084 -1.562419
5.940612 -1.562325
5.947141 -1.562353
5.953669 -1.562381
5.960197 -1.562165
5.966725 -1.562375
5.973253 -1.562464
5.979781 -1.562858
5.986309 -1.563374
5.992838 -1.563829
5.999366 -1.564039
6.005894 -1.563883
6.012422 -1.564033
6.018950 -1.564243
6.025478 -1.563965
6.032006 -1.563566
6.038535 -1.563532
6.045063 -1.563620
6.051591 -1.564379
6.058119 -1.565200
6.064647 -1.565532
6.071175 -1.565376
6.077703 -1.565098
6.084232 -1.565308
6.090760 -1.565152
6.097288 -1.564629
6.103816 -1.564168
6.110344 -1.564621
6.116872 -1.564709
6.123400 -1.564919
6.129929 -1.564701
6.136457 -1.564728
6.143113 -1.565305
6.149513 -1.565392
6.156041 -1.565418
6.162569 -1.564712
6.169097 -1.565104
6.175626 -1.564703
6.182154 -1.563815
6.188682 -1.563963
6.195210 -1.564233
6.201738 -1.564076
6.208266 -1.564468
6.214794 -1.564311
6.221323 -1.564459
6.227851 -1.564485
6.234379 -1.564694
6.240907 -1.564720
6.247435 -1.564258
6.253963 -1.564101
6.260491 -1.564248
6.267020 -1.563419
6.273548 -1.563262
6.280076 -1.562738
6.286732 -1.562338
6.293132 -1.562729
6.299660 -1.562754
6.306189 -1.562658
6.312717 -1.562805
6.319245 -1.562647
6.325773 -1.562734
6.332301 -1.561904
6.338957 -1.561381
6.345357 -1.561100
6.352014 -1.561065
6.358414 -1.560907
6.364942 -1.560565
6.371470 -1.560407
6.377998 -1.560798
6.384526 -1.561434
6.391054 -1.561642
6.397583 -1.561301
6.404111 -1.561630
6.410639 -1.561350
6.417167 -1.561131
6.423695 -1.560667
6.430351 -1.560082
6.436751 -1.560289
6.443408 -1.560558
6.449808 -1.561131
6.456336 -1.561339
6.462864 -1.562035
6.469392 -1.562669
6.475920 -1.562633
6.482576 -1.561803
6.488977 -1.561094
6.495633 -1.560875
6.502033 -1.561143
6.508561 -1.560984
6.515089 -1.561558
6.521745 -1.561582
6.528145 -1.561911
6.534802 -1.562301
6.541202 -1.562569
6.547730 -1.562898
6.554258 -1.563593
6.560786 -1.563250
6.567314 -1.563091
6.573970 -1.562688
6.580371 -1.562528
6.587027 -1.562918
6.593427 -1.563186
6.599955 -1.564003
6.606483 -1.564393
6.613139 -1.564966
6.619539 -1.564805
6.626196 -1.564951
6.632596 -1.564791
6.639252 -1.564876
6.645652 -1.564899
6.652180 -1.564739
6.658708 -1.564213
6.665365 -1.564542
6.671765 -1.565174
6.678421 -1.565504
6.684821 -1.564976
6.691349 -1.564633
6.697877 -1.565022
6.704533 -1.565472
6.710934 -1.565434
6.717590 -1.565091
6.723990 -1.565113
6.730646 -1.565380
6.737046 -1.565770
6.743574 -1.565547
6.750102 -1.565570
6.756759 -1.565960
6.763159 -1.566348
6.769815 -1.566798
6.776215 -1.566515
6.782871 -1.566171
6.789271 -1.566376
6.795927 -1.567009
6.802328 -1.567031
6.808984 -1.566931
6.815384 -1.567075
6.822040 -1.567525
6.828440 -1.567485
6.834968 -1.567507
6.841496 -1.567224
6.848025 -1.567246
6.854553 -1.567756
6.861209 -1.567473
6.867609 -1.566885
6.874265 -1.566724
6.880665 -1.566867
6.887193 -1.567133
6.893722 -1.566788
6.900378 -1.567176
6.906778 -1.567807
6.913434 -1.567768
6.919834 -1.567301
6.926490 -1.567079
6.932890 -1.567283
6.939547 -1.567244
6.945947 -1.566960
6.952603 -1.567103
6.959003 -1.567124
6.965659 -1.567390
6.972059 -1.567410
6.978715 -1.566883
6.985116 -1.566660
6.991772 -1.567474
6.998172 -1.568226
7.004828 -1.567943
7.011228 -1.567292
7.017884 -1.566764
7.024285 -1.566479
7.030813 -1.566256
7.037341 -1.565727
7.043997 -1.565382
7.050397 -1.565585
7.057053 -1.565789
7.063453 -1.565871
7.070110 -1.565830
7.076510 -1.565545
7.083166 -1.565016
7.089566 -1.564609
7.096222 -1.564447
7.102622 -1.563735
7.109278 -1.563572
7.115679 -1.563592
7.122335 -1.563368
7.128735 -1.563265
7.135391 -1.563592
7.141791 -1.564343
7.148447 -1.564608
7.154847 -1.564566
7.161504 -1.564404
7.167904 -1.564118
7.174560 -1.563772
7.180960 -1.563242
7.187616 -1.563079
7.194016 -1.563281
7.200672 -1.563423
7.207073 -1.563870
7.213729 -1.564073
7.220129 -1.564397
7.226785 -1.564295
7.233185 -1.564619
7.239841 -1.563968
7.246241 -1.564170
7.252898 -1.563822
7.259298 -1.563597
7.265954 -1.563251
7.272354 -1.563148
7.279010 -1.563350
7.285410 -1.563735
7.292066 -1.564975
7.298467 -1.565604
7.305123 -1.565501
7.311523 -1.565337
7.318179 -1.565722
7.324579 -1.565557
7.331235 -1.564844
7.337635 -1.564863
7.344292 -1.565248
7.350692 -1.565999
7.357348 -1.566567
7.363748 -1.566951
7.370404 -1.567214
7.376804 -1.567598
7.383461 -1.568106
7.389861 -1.567941
7.396517 -1.567593
7.402917 -1.567428
7.409573 -1.567507
7.415973 -1.567525
7.422629 -1.567483
7.429030 -1.567195
7.435686 -1.567580
7.442086 -1.568148
7.448742 -1.568715
7.455142 -1.568671
7.461798 -1.568507
7.468198 -1.568280
7.474855 -1.567748
7.481255 -1.567949
7.487911 -1.568334
7.494311 -1.568229
7.500967 -1.568613
7.507367 -1.568997
7.514023 -1.569259
7.520424 -1.569276
7.527080 -1.569477
7.533480 -1.569677
7.540136 -1.569816
7.546536 -1.569711
7.553192 -1.569851
7.559592 -1.569930
7.566249 -1.569398
7.572649 -1.569109
7.579305 -1.569127
7.585705 -1.569144
7.592361 -1.569405
7.598761 -1.569605
7.605417 -1.570233
7.611818 -1.570067
7.618474 -1.569839
7.624874 -1.569245
7.631530 -1.569141
7.637930 -1.568913
7.644586 -1.568625
7.650986 -1.568763
7.657643 -1.568413
7.663915 -1.568246
7.670571 -1.568630
7.676971 -1.568829
7.683627 -1.569212
7.690027 -1.569411
7.696683 -1.569672
7.703084 -1.569505
7.709740 -1.568729
7.716140 -1.567829
7.722796 -1.567540
7.729196 -1.568044
7.735852 -1.568121
7.742252 -1.568259
7.748909 -1.568825
7.755309 -1.569085
7.761965 -1.569040
7.768365 -1.569117
7.775021 -1.568767
7.781421 -1.567867
7.788078 -1.566906
7.794478 -1.567105
7.801134 -1.566998
7.807534 -1.566343
7.814190 -1.566603
7.820590 -1.567045
7.827246 -1.566817
7.833647 -1.566832
7.840303 -1.567215
7.846703 -1.567413
7.853359 -1.567000
7.859759 -1.566527
7.866415 -1.565811
7.872815 -1.565215
7.879472 -1.565108
7.885872 -1.565123
7.892528 -1.565689
7.898928 -1.566740
7.905584 -1.567000
7.911984 -1.566831
7.918640 -1.566969
7.925041 -1.566861
7.931697 -1.566632
7.938097 -1.566159
7.944753 -1.565930
7.951153 -1.565822
7.957809 -1.566325
7.964209 -1.566340
7.970866 -1.566720
7.977266 -1.566430
7.983922 -1.566201
7.990322 -1.566398
7.996978 -1.566656
8.003378 -1.567037
8.010034 -1.566624
8.016435 -1.566455
8.023091 -1.566470
8.029491 -1.566179
8.036147 -1.565826
8.042547 -1.565840
8.049203 -1.566404
8.055603 -1.567089
8.062260 -1.567591
8.068660 -1.567789
8.075316 -1.567925
8.081716 -1.568061
8.088372 -1.568197
8.094772 -1.568210
8.101429 -1.567736
8.107829 -1.567505
8.114485 -1.567947
8.120885 -1.568509
8.127541 -1.568523
8.133941 -1.568475
8.140597 -1.568916
8.146998 -1.569784
8.153654 -1.570347
8.160054 -1.570177
8.166710 -1.570007
8.173110 -1.569592
8.179766 -1.569301
8.186166 -1.569131
8.192823 -1.569510
8.199223 -1.569890
8.205879 -1.570025
8.212279 -1.569916
8.218935 -1.569929
8.225335 -1.570491
8.231991 -1.570931
8.238392 -1.570944
8.245048 -1.570713
8.251448 -1.570725
8.258104 -1.570494
8.264504 -1.570690
8.271160 -1.570337
8.277560 -1.570410
8.284217 -1.570606
8.290617 -1.570740
8.297273 -1.570997
8.303673 -1.571620
8.310329 -1.571448
8.316729 -1.571645
8.323385 -1.571779
8.329786 -1.571119
8.336442 -1.570827
8.342842 -1.571082
8.349498 -1.571095
8.355898 -1.570741
8.362554 -1.571180
8.368954 -1.571558
8.375611 -1.571143
8.382011 -1.571033
8.388667 -1.571411
8.395067 -1.571178
8.401723 -1.570946
8.408123 -1.570287
8.414779 -1.569749
8.421180 -1.570065
8.427836 -1.570077
8.434236 -1.570333
8.440892 -1.570528
8.447292 -1.570356
8.453948 -1.569818
8.460348 -1.569951
8.467005 -1.569963
8.473405 -1.569852
8.480061 -1.569619
8.486461 -1.569691
8.493117 -1.569642
8.499517 -1.569470
8.506174 -1.569481
8.512574 -1.569736
8.519230 -1.569930
8.525630 -1.569758
8.532286 -1.569403
8.538686 -1.568865
8.545342 -1.568448
8.551743 -1.568519
8.558399 -1.568225
8.564799 -1.567748
8.571455 -1.567942
8.577855 -1.568318
8.584511 -1.568146
8.590911 -1.568278
8.597568 -1.568167
8.603968 -1.567811
8.610624 -1.567761
8.617024 -1.567283
8.623680 -1.566865
8.630080 -1.566692
8.636736 -1.567131
8.643137 -1.567324
8.649793 -1.567273
8.656193 -1.567100
8.662849 -1.567476
8.669249 -1.568035
8.675905 -1.567740
8.682305 -1.567567
8.688962 -1.567333
8.695362 -1.567953
8.702018 -1.568085
8.708418 -1.567424
8.715074 -1.566823
8.721474 -1.567076
8.728130 -1.567392
8.734531 -1.568133
8.741187 -1.568021
8.747587 -1.567786
8.754243 -1.568528
8.760643 -1.568965
8.767299 -1.568852
8.773699 -1.568434
8.780356 -1.568199
8.786756 -1.567355
8.793412 -1.567486
8.799812 -1.567922
8.806468 -1.568114
8.812868 -1.568611
8.819524 -1.568559
8.825925 -1.569484
8.832581 -1.570042
8.838981 -1.570234
8.845637 -1.570060
8.852037 -1.569886
8.858693 -1.570322
8.865094 -1.569964
8.871750 -1.569912
8.878150 -1.569921
8.884806 -1.570174
8.891206 -1.570670
8.897862 -1.571229
8.904262 -1.571420
8.910919 -1.571612
8.917319 -1.571864
8.923975 -1.572605
8.930375 -1.572430
8.937031 -1.571279
8.943431 -1.570554
8.950087 -1.570685
8.956488 -1.570938
8.963144 -1.570396
8.969544 -1.570587
8.976200 -1.571084
8.982600 -1.571824
8.989256 -1.572076
8.995656 -1.572084
9.002313 -1.571848
9.008713 -1.571367
9.015369 -1.571680
9.021769 -1.571932
9.028425 -1.571574
9.034825 -1.571154
9.041481 -1.571406
9.047882 -1.571962
9.054538 -1.572214
9.060938 -1.572771
9.067594 -1.572779
9.073994 -1.572724
9.080650 -1.573099
9.087050 -1.572739
9.093707 -1.572197
9.100107 -1.571777
9.106763 -1.571662
9.113163 -1.570936
9.119819 -1.570883
9.126219 -1.571318
9.132875 -1.571630
9.139276 -1.571271
9.145932 -1.571339
9.152332 -1.571528
9.158988 -1.571657
9.165388 -1.571542
9.172044 -1.571183
9.178444 -1.571005
9.185101 -1.570951
9.191501 -1.570775
9.198157 -1.570659
9.204557 -1.570849
9.211213 -1.570978
9.217613 -1.570984
9.224270 -1.570990
9.230670 -1.570631
9.237326 -1.570332
9.243726 -1.570887
9.250382 -1.571383
9.256782 -1.570900
9.263438 -1.570174
9.269839 -1.569997
9.276495 -1.570369
9.282895 -1.570192
9.289551 -1.569954
9.295951 -1.570204
9.302607 -1.570027
9.309007 -1.569850
9.315664 -1.569673
9.322064 -1.569494
9.328720 -1.569256
9.335120 -1.569079
9.341776 -1.568840
9.348176 -1.568480
9.354832 -1.567937
9.361233 -1.567758
9.367889 -1.567825
9.374289 -1.567830
9.380945 -1.567958
9.387345 -1.568208
9.394001 -1.568518
9.400401 -1.568401
9.407058 -1.568224
9.413458 -1.568351
9.420114 -1.568600
9.426514 -1.568178
9.433170 -1.568183
9.439570 -1.568249
9.446226 -1.568742
9.452627 -1.568747
9.459283 -1.568447
9.465683 -1.568268
9.472339 -1.568395
9.478739 -1.568644
9.485395 -1.568649
9.491795 -1.568592
9.498452 -1.568780
9.504852 -1.569212
9.511508 -1.569582
9.517908 -1.569404
9.524564 -1.568798
9.530964 -1.568802
9.537620 -1.568868
9.544021 -1.568811
9.550677 -1.568815
9.557077 -1.568881
9.563733 -1.569129
9.570133 -1.569621
9.576789 -1.570053
9.583190 -1.569752
9.589846 -1.570244
9.596246 -1.570614
9.602902 -1.570618
9.609302 -1.570622
9.615958 -1.570687
9.622358 -1.571179
9.629015 -1.570877
9.635415 -1.571369
9.642071 -1.571923
9.648471 -1.571926
9.655127 -1.572479
9.661527 -1.572849
9.668183 -1.572852
9.674584 -1.572673
9.681240 -1.572493
9.687640 -1.572557
9.694296 -1.571707
9.700696 -1.571954
9.707352 -1.571713
9.713752 -1.571961
9.720409 -1.572269
9.726809 -1.572272
9.733465 -1.572702
9.739865 -1.572949
9.746521 -1.572708
9.752921 -1.572894
9.759577 -1.572531
9.765978 -1.572473
9.772634 -1.572476
9.779034 -1.572478
9.785690 -1.572359
9.792090 -1.571935
9.798746 -1.572120
9.805146 -1.572611
9.811803 -1.572553
9.818203 -1.572616
9.824859 -1.573107
9.831259 -1.573292
9.837915 -1.573357
9.844315 -1.572931
9.850971 -1.572506
9.857372 -1.571837
9.864028 -1.572023
9.870428 -1.572391
9.877084 -1.572210
9.883484 -1.571479
9.890140 -1.571848
9.896540 -1.572521
9.903197 -1.572157
9.909597 -1.571854
9.916253 -1.571489
9.922653 -1.571308
9.929309 -1.571432
9.935709 -1.570762
9.942366 -1.570581
9.948766 -1.570156
9.955422 -1.570340
9.961822 -1.570342
9.968478 -1.570344
9.974878 -1.570345
9.981534 -1.570591
9.987935 -1.570958
9.994591 -1.570898
10.000991 -1.570595
10.007647 -1.570779
10.014047 -1.570414
10.020703 -1.570232
10.027103 -1.569867
10.033760 -1.569807
10.040160 -1.569564
10.046816 -1.569748
10.053216 -1.569749
10.059872 -1.569445
10.066272 -1.569751
10.072928 -1.569997
10.079329 -1.569874
10.085985 -1.569753
10.092385 -1.569449
10.099041 -1.569084
10.105441 -1.568657
10.112097 -1.568292
10.118497 -1.568109
10.125154 -1.567926
10.131554 -1.568110
10.138210 -1.568477
10.144610 -1.568904
10.151266 -1.568905
10.157666 -1.568905
10.164322 -1.568661
10.170723 -1.569089
10.177379 -1.569089
10.183779 -1.569211
10.190435 -1.569089
10.196835 -1.568845
10.203491 -1.568723
10.209891 -1.568723
10.216548 -1.569272
10.222948 -1.569882
10.229604 -1.569821
10.236004 -1.569576
10.242660 -1.569576
10.249060 -1.569637
10.255716 -1.569576
10.262117 -1.569819
10.268773 -1.570003
10.275173 -1.569391
10.281829 -1.569452
10.288229 -1.569756
10.294885 -1.570367
10.301286 -1.570549
10.307942 -1.570549
10.314342 -1.570426
10.320998 -1.570364
10.327398 -1.570058
10.334054 -1.569996
10.340454 -1.570057
10.347111 -1.570300
10.353511 -1.570604
10.360167 -1.570847
10.366567 -1.571029
10.373223 -1.571211
10.379623 -1.571209
10.386279 -1.571574
10.392680 -1.572062
10.399336 -1.572000
10.405736 -1.572547
10.412392 -1.572424
10.418792 -1.572545
10.425448 -1.572421
10.431848 -1.572176
10.438505 -1.572235
10.444905 -1.571990
10.451561 -1.571621
10.457961 -1.571436
10.464617 -1.571863
10.471017 -1.572532
10.477673 -1.572591
10.484074 -1.572650
10.490730 -1.572649
10.497130 -1.572342
10.503786 -1.571852
10.510186 -1.571667
10.516842 -1.571603
10.523242 -1.571601
10.529899 -1.572027
10.536299 -1.572512
10.542955 -1.572571
10.549355 -1.572569
10.556011 -1.572567
10.562411 -1.572625
10.569067 -1.573172
10.575468 -1.573292
10.582124 -1.572923
10.588524 -1.572738
10.595180 -1.572613
10.601580 -1.572123
10.608236 -1.572303
10.614636 -1.572178
10.621293 -1.572480
10.627693 -1.572783
10.634349 -1.572902
10.640749 -1.572594
10.647405 -1.572103
10.653805 -1.571550
10.660462 -1.571364
10.666862 -1.571361
10.673518 -1.571053
10.679918 -1.570867
10.686574 -1.570803
10.692974 -1.570495
10.699630 -1.570309
10.706031 -1.570305
10.712687 -1.570119
10.719087 -1.570848
10.725743 -1.570661
10.732143 -1.570231
10.738799 -1.569861
10.745199 -1.570041
10.751856 -1.570037
10.758256 -1.569851
10.764912 -1.570091
10.771312 -1.569720
10.777968 -1.569107
10.784368 -1.569652
10.791024 -1.569893
10.797425 -1.569583
10.804081 -1.569824
10.810481 -1.570003
10.817137 -1.570182
10.823537 -1.569995
10.830193 -1.569075
10.836593 -1.568522
10.843250 -1.567968
10.849650 -1.568148
10.856306 -1.567898
10.862706 -1.567955
10.869362 -1.568135
10.875762 -1.568497
10.882418 -1.568858
10.888819 -1.568854
10.895475 -1.568483
10.901875 -1.568479
10.908531 -1.568108
10.914931 -1.568225
10.921587 -1.568099
10.927987 -1.567727
10.934644 -1.568089
10.941044 -1.568267
10.947700 -1.568568
10.954100 -1.569112
10.960756 -1.569779
10.967156 -1.570079
10.973812 -1.569952
10.980213 -1.569886
10.986869 -1.570064
10.993269 -1.569570
10.999925 -1.569442
11.006325 -1.569071
11.012981 -1.568944
11.019382 -1.569427
11.026038 -1.569727
11.032438 -1.569844
11.039094 -1.570448
11.045494 -1.570931
11.052150 -1.570437
11.058550 -1.570432
11.065207 -1.570243
11.071607 -1.569689
11.078263 -1.569744
11.084663 -1.569677
11.091319 -1.569732
11.097719 -1.569666
11.104375 -1.570087
11.110776 -1.570569
11.117432 -1.571723
11.123832 -1.572266
11.130488 -1.572321
11.136888 -1.572254
11.143544 -1.572186
11.149944 -1.571997
11.156601 -1.571747
11.163001 -1.571619
11.169657 -1.571735
11.176057 -1.571240
11.182713 -1.571417
11.189113 -1.571777
11.195769 -1.572075
11.202170 -1.572740
11.208826 -1.572855
11.215226 -1.572665
11.221882 -1.572659
11.228282 -1.572347
11.234938 -1.572157
11.241338 -1.571541
11.247995 -1.570923
11.254395 -1.570611
11.261051 -1.570604
11.267451 -1.571085
11.274107 -1.571628
11.280507 -1.571804
11.287163 -1.572224
11.293564 -1.572400
11.300220 -1.572576
11.306620 -1.572264
11.313276 -1.572073
11.319676 -1.571944
11.326332 -1.571266
11.332732 -1.570892
11.339389 -1.570701
11.345789 -1.570816
11.352445 -1.571175
11.358845 -1.571778
11.365501 -1.572319
11.371901 -1.572556
11.378558 -1.572121
11.384958 -1.571381
11.391614 -1.571312
11.398014 -1.570755
11.404670 -1.570381
11.411070 -1.569641
11.417726 -1.569022
11.424127 -1.569259
11.430783 -1.569678
11.437183 -1.570219
11.443839 -1.570150
11.450239 -1.570020
11.456895 -1.570500
11.463295 -1.570492
11.469952 -1.569995
11.476352 -1.569377
11.483008 -1.569185
11.489408 -1.568993
11.496064 -1.568985
11.502464 -1.568793
11.509120 -1.568968
11.515521 -1.569020
11.522177 -1.569562
11.528577 -1.570285
11.535233 -1.570398
11.541633 -1.569719
11.548289 -1.569283
11.554689 -1.569152
11.561346 -1.568959
11.567746 -1.569256
11.574402 -1.568697
11.580802 -1.568078
11.587458 -1.567520
11.593858 -1.567572
11.600514 -1.567929
11.606915 -1.568225
11.613571 -1.568216
11.619971 -1.568390
11.626627 -1.568380
11.633027 -1.568066
11.639683 -1.568179
11.646083 -1.567803
11.652740 -1.567122
11.659140 -1.567296
11.665796 -1.567653
11.672196 -1.567399
11.678852 -1.567451
11.685252 -1.567380
11.691908 -1.567736
11.698309 -1.568459
11.704965 -1.568877
11.711365 -1.569111
11.718021 -1.569101
11.724421 -1.568908
11.731077 -1.568714
11.737478 -1.568399
11.744134 -1.568023
11.750534 -1.567647
11.757190 -1.568064
11.763590 -1.568359
11.770246 -1.568653
11.776646 -1.568766
11.783303 -1.568939
11.789703 -1.569539
11.796359 -1.569833
11.802759 -1.569518
11.809415 -1.569263
11.815815 -1.569131
11.822471 -1.569120
11.828872 -1.568744
11.835528 -1.568427
11.841928 -1.568478
11.848584 -1.568834
11.854984 -1.569433
11.861640 -1.570338
11.868040 -1.570876
11.874697 -1.571231
11.881097 -1.571282
11.887753 -1.571148
11.894153 -1.571016
11.900809 -1.571004
11.907209 -1.570810
11.913865 -1.570555
11.920266 -1.570239
11.926922 -1.570594
11.933322 -1.570705
11.939978 -1.570693
11.946378 -1.570926
11.953034 -1.571341
11.959434 -1.572368
11.966091 -1.572417
11.972491 -1.571857
11.979147 -1.571295
11.985547 -1.570796
11.992203 -1.570113
11.998603 -1.569856
12.005259 -1.569661
12.011660 -1.570016
12.018316 -1.570615
12.024716 -1.570420
12.031372 -1.570957
12.037772 -1.571189
12.044428 -1.570994
12.050828 -1.571531
12.057485 -1.571153
12.063885 -1.570653
12.070541 -1.570458
12.076941 -1.570446
12.083597 -1.570250
12.089997 -1.569566
12.096654 -1.569859
12.103054 -1.570274
12.109710 -1.570994
12.116110 -1.571226
12.122766 -1.571152
12.129166 -1.570956
12.135822 -1.570517
12.142223 -1.569466
12.148879 -1.568721
12.155279 -1.568709
12.161935 -1.568513
12.168335 -1.567889
12.174991 -1.568304
12.181391 -1.568779
12.188048 -1.569010
12.194448 -1.568571
12.201104 -1.568984
12.207504 -1.568910
12.214160 -1.568714
12.220560 -1.568152
12.227216 -1.567528
12.233617 -1.567332
12.240273 -1.567013
12.246673 -1.567000
12.253329 -1.567353
12.259729 -1.567339
12.266385 -1.567692
12.272785 -1.568289
12.279442 -1.568398
12.285842 -1.568384
12.292498 -1.567882
12.298898 -1.567869
12.305554 -1.567549
12.311954 -1.567414
12.318610 -1.566973
12.325011 -1.566837
12.331667 -1.566457
12.338067 -1.566382
12.344723 -1.566795
12.351123 -1.567147
12.357779 -1.567866
12.364179 -1.567485
12.370836 -1.567532
12.377236 -1.567030
12.383892 -1.566649
12.390292 -1.565903
12.396948 -1.565583
12.403348 -1.565936
12.410004 -1.566287
12.416405 -1.566273
12.423061 -1.566563
12.429461 -1.566732
12.436117 -1.567694
12.442517 -1.567741
12.449173 -1.567665
12.455574 -1.567711
12.462230 -1.567696
12.468630 -1.567193
12.475286 -1.566995
12.481686 -1.566614
12.488342 -1.566477
12.494742 -1.566828
12.501399 -1.567546
12.507799 -1.568080
12.514455 -1.568248
12.520855 -1.568233
12.527511 -1.568279
12.533911 -1.568081
12.540567 -1.568004
12.546968 -1.567623
12.553624 -1.567119
12.560024 -1.567104
12.566680 -1.567088
12.573080 -1.567440
12.579736 -1.567729
12.586136 -1.567958
12.592793 -1.568125
12.599193 -1.568475
12.605849 -1.568460
12.612249 -1.568566
12.618905 -1.568733
12.625305 -1.568596
12.631961 -1.568152
12.638362 -1.568198
12.645018 -1.568121
12.651418 -1.568349
12.658074 -1.568700
12.664474 -1.569172
12.671130 -1.569644
12.677530 -1.569628
12.684187 -1.569550
12.690587 -1.569595
12.697243 -1.570128
12.703643 -1.570234
12.710299 -1.569668
12.716699 -1.569042
12.723355 -1.568903
12.729756 -1.568826
12.736412 -1.568809
12.742812 -1.568671
12.749468 -1.568287
12.755868 -1.568760
12.762524 -1.569109
12.768924 -1.568604
12.775581 -1.568220
12.781981 -1.568510
12.788637 -1.568554
12.795037 -1.568720
12.801693 -1.568642
12.808093 -1.568258
12.814750 -1.568425
12.821150 -1.568102
12.827806 -1.568023
12.834206 -1.568252
12.840862 -1.568783
12.847262 -1.569071
12.853918 -1.568932
12.860319 -1.569342
12.866975 -1.569080
12.873375 -1.568453
12.880031 -1.568252
12.886431 -1.567685
12.893087 -1.567545
12.899487 -1.567284
12.906144 -1.567327
12.912544 -1.567248
12.919200 -1.567047
12.925600 -1.567457
12.932256 -1.567195
12.938656 -1.567055
12.945312 -1.567159
12.951713 -1.566959
12.958369 -1.566574
12.964897 -1.566556
12.971425 -1.566049
12.977825 -1.565360
12.984481 -1.565586
12.990881 -1.565934
12.997538 -1.565977
13.003938 -1.565837
13.010594 -1.566124
13.016994 -1.566228
13.023650 -1.566575
13.030050 -1.566069
13.036706 -1.565561
13.043107 -1.564872
13.049763 -1.565158
13.056163 -1.565323
13.062819 -1.565304
13.069347 -1.564797
13.075875 -1.564962
13.082275 -1.565492
13.088932 -1.565412
13.095460 -1.565271
13.101988 -1.564886
13.108388 -1.564990
13.115044 -1.565031
13.121444 -1.564586
13.128100 -1.564383
13.134501 -1.564181
13.141157 -1.563979
13.147557 -1.564021
13.154213 -1.564001
13.160741 -1.564104
13.167269 -1.564817
13.173798 -1.564980
13.180326 -1.564961
13.186854 -1.565308
13.193382 -1.565594
13.199910 -1.565268
13.206438 -1.564883
13.212838 -1.564742
13.219495 -1.564844
13.225895 -1.564824
13.232551 -1.565048
13.239079 -1.564967
13.245607 -1.565436
13.252135 -1.565966
13.258663 -1.566434
13.265192 -1.566475
13.271720 -1.566211
13.278248 -1.565825
13.284776 -1.565988
13.291304 -1.565601
13.297832 -1.565398
13.304360 -1.565256
13.310889 -1.565846
13.317289 -1.566131
13.323945 -1.566293
13.330473 -1.566639
13.337001 -1.567107
13.343529 -1.567331
13.350057 -1.567310
13.356586 -1.567412
13.363114 -1.566903
13.369642 -1.566821
13.376170 -1.567045
13.382698 -1.566841
13.389226 -1.566575
13.395754 -1.566616
13.402283 -1.566778
13.408811 -1.567246
13.415339 -1.567652
13.421867 -1.567875
13.428395 -1.567610
13.434923 -1.567588
13.441451 -1.567384
13.447980 -1.567424
13.454508 -1.567098
13.461036 -1.566894
13.467564 -1.566689
13.474092 -1.566729
13.480620 -1.567013
13.487148 -1.566869
13.493677 -1.566970
13.500205 -1.566826
13.506733 -1.567110
13.513261 -1.567149
13.519789 -1.567067
13.526317 -1.566496
13.532846 -1.565924
13.539374 -1.565902
13.545902 -1.565881
13.552430 -1.565737
13.558958 -1.565715
13.565486 -1.565876
13.572014 -1.565976
13.578543 -1.566016
13.585071 -1.565749
13.591599 -1.566155
13.598127 -1.566072
13.604655 -1.565927
13.611183 -1.565843
13.617711 -1.565516
13.624240 -1.565311
13.630768 -1.565105
13.637296 -1.564473
13.643824 -1.564694
13.650352 -1.564855
13.656880 -1.564771
13.663408 -1.564749
13.669937 -1.564970
13.676465 -1.565253
13.682993 -1.564376
13.689521 -1.564292
13.696049 -1.564147
13.702577 -1.564064
13.709105 -1.563674
13.715634 -1.563468
13.722162 -1.563018
13.728690 -1.563239
13.735218 -1.563582
13.741746 -1.563620
13.748274 -1.563781
13.754802 -1.564062
13.761331 -1.563550
13.767859 -1.563283
13.774387 -1.563504
13.780915 -1.563236
13.787443 -1.563335
13.793971 -1.563128
13.800499 -1.563288
13.807028 -1.563082
13.813556 -1.562753
13.820084 -1.562546
13.826612 -1.563011
13.833140 -1.562865
13.839668 -1.563207
13.846196 -1.563184
13.852725 -1.563099
13.859253 -1.562953
13.865781 -1.562685
13.872309 -1.562295
13.878837 -1.562271
13.885365 -1.562247
13.891894 -1.561918
13.898422 -1.561894
13.904950 -1.561870
13.911478 -1.562517
13.918006 -1.562736
13.924534 -1.562712
13.931062 -1.562932
13.937591 -1.562785
13.944119 -1.562639
13.950647 -1.562737
13.957175 -1.562407
13.963703 -1.562322
13.970231 -1.562541
13.976759 -1.562699
13.983288 -1.562859
13.989816 -1.563078
13.996344 -1.563236
14.002872 -1.563333
14.009400 -1.563736
14.015928 -1.564199
14.022456 -1.564174
14.028985 -1.563966
14.035513 -1.563270
14.042041 -1.563001
14.048569 -1.562854
14.055097 -1.562646
14.061625 -1.562986
14.068153 -1.563388
14.074682 -1.563912
14.081210 -1.564498
14.087738 -1.564655
14.094266 -1.564325
14.100794 -1.564239
14.107322 -1.564029
14.113850 -1.563821
14.120379 -1.563429
14.126907 -1.563647
14.133435 -1.563256
14.139963 -1.563596
14.146491 -1.563875
14.153019 -1.564461
14.159547 -1.564984
14.166076 -1.565141
14.172604 -1.564810
14.179132 -1.564906
14.185660 -1.564636
14.192188 -1.564244
14.198716 -1.564279
14.205244 -1.564192
14.211773 -1.564044
14.218301 -1.563652
14.224829 -1.564174
14.231357 -1.564331
14.237885 -1.564305
14.244413 -1.564522
14.250942 -1.564679
14.257470 -1.564653
14.263998 -1.564138
14.270526 -1.563929
14.277054 -1.563902
14.283582 -1.563387
14.290110 -1.563116
14.296639 -1.562967
14.303167 -1.563123
14.309695 -1.563585
14.316223 -1.563559
14.322751 -1.563898
14.329279 -1.563932
14.335807 -1.563844
14.342336 -1.563451
14.348864 -1.562935
14.355392 -1.562481
14.361920 -1.562088
14.368448 -1.561877
14.374976 -1.562094
14.381504 -1.561884
14.388033 -1.562162
14.394561 -1.562012
14.401089 -1.561619
14.407617 -1.561957
14.414145 -1.562296
14.420673 -1.562085
14.427201 -1.561631
14.433730 -1.561298
14.440258 -1.561210
14.446786 -1.560754
14.453314 -1.560421
14.459842 -1.560149
14.466370 -1.560488
14.472898 -1.560888
14.479427 -1.560737
14.485955 -1.560648
14.492483 -1.560804
14.499011 -1.560776
14.505539 -1.560748
14.512067 -1.560475
14.518595 -1.560264
14.525124 -1.560113
14.531652 -1.559902
14.538180 -1.559691
14.544708 -1.559602
14.551236 -1.559390
14.557764 -1.559728
14.564292 -1.560065
14.570821 -1.560220
14.577349 -1.560008
14.583877 -1.560285
14.590405 -1.559951
14.596933 -1.559251
14.603461 -1.559162
14.609990 -1.558828
14.616518 -1.559104
14.623046 -1.559075
14.629574 -1.559413
14.636102 -1.559994
14.642630 -1.559782
14.649158 -1.559570
14.655687 -1.559724
14.662215 -1.559877
14.668743 -1.559665
14.675271 -1.559819
14.681799 -1.559790
14.688327 -1.559517
14.694855 -1.559792
14.701384 -1.560252
14.707912 -1.560101
14.714440 -1.560254
14.720968 -1.560408
14.727496 -1.560561
14.734024 -1.560471
14.740552 -1.559953
14.747081 -1.559862
14.753609 -1.559955
14.760137 -1.560596
14.766665 -1.560932
14.773193 -1.560719
14.779721 -1.560629
14.786249 -1.560599
14.792778 -1.560386
14.799306 -1.560539
14.805834 -1.560143
14.812362 -1.560113
14.818890 -1.560449
14.825418 -1.560601
14.831946 -1.560388
14.838475 -1.560724
14.845003 -1.561061
14.851531 -1.561213
14.858059 -1.561000
14.864587 -1.560970
14.871115 -1.561000
14.877643 -1.560909
14.884172 -1.560511
14.890700 -1.560663
14.897228 -1.561061
14.903756 -1.560969
14.910284 -1.560816
14.916812 -1.561152
14.923340 -1.561670
14.929869 -1.561273
14.936397 -1.561059
14.942925 -1.560967
14.949453 -1.560814
14.955981 -1.560600
14.962509 -1.560019
14.969038 -1.559927
14.975566 -1.559896
14.982094 -1.560293
14.988622 -1.560994
14.995150 -1.560596
15.001678 -1.560321
15.008206 -1.560656
15.014735 -1.560502
15.021263 -1.560654
15.027791 -1.560622
15.034319 -1.560042
15.040847 -1.559399
15.047375 -1.559734
15.053903 -1.559763
15.060432 -1.559915
15.066960 -1.559884
15.073488 -1.560035
15.080016 -1.559820
15.086544 -1.559971
15.093072 -1.560061
15.099600 -1.559724
15.106129 -1.559447
15.112657 -1.559110
15.119185 -1.559078
15.125713 -1.558497
15.132241 -1.558099
15.138769 -1.558433
15.145297 -1.558217
15.151826 -1.558368
15.158354 -1.558336
15.164882 -1.558487
15.171410 -1.558759
15.177938 -1.558422
15.184466 -1.558206
15.190994 -1.557625
15.197523 -1.557103
15.204051 -1.556521
15.210579 -1.556489
15.217107 -1.556700
15.223635 -1.556484
15.230163 -1.556939
15.236691 -1.557335
15.243220 -1.557363
15.249748 -1.557818
15.256276 -1.557602
15.262804 -1.557080
15.269332 -1.556986
15.275860 -1.556892
15.282388 -1.555944
15.288917 -1.555910
15.295445 -1.555755
15.301973 -1.556271
15.308501 -1.556360
15.315029 -1.556509
15.321557 -1.556781
15.328086 -1.556503
15.334614 -1.556287
15.341142 -1.556192
15.347670 -1.555976
15.354198 -1.555637
15.360726 -1.555238
15.367254 -1.555204
15.373783 -1.555292
15.380311 -1.555807
15.386839 -1.556200
15.393367 -1.555740
15.399895 -1.556255
15.406423 -1.556649
15.412951 -1.556676
15.419480 -1.556886
15.426008 -1.556486
15.432536 -1.556391
15.439064 -1.556356
15.445592 -1.556200
15.452120 -1.555860
15.458648 -1.556254
15.465177 -1.556829
15.471705 -1.556795
15.478233 -1.556761
15.484761 -1.556543
15.491289 -1.556692
15.497817 -1.556657
15.504345 -1.556805
15.510874 -1.556771
15.517402 -1.556675
15.523930 -1.557067
15.530458 -1.557033
15.536986 -1.556754
15.543514 -1.556597
15.550042 -1.556562
15.556571 -1.556710
15.563099 -1.557224
15.569627 -1.557495
15.576155 -1.557643
15.582683 -1.557425
15.589211 -1.557390
15.595739 -1.557538
15.602268 -1.557136
15.608796 -1.557039
15.615324 -1.557004
15.621852 -1.557214
15.628380 -1.557666
15.634908 -1.557631
15.641436 -1.557473
15.647965 -1.557560
15.654493 -1.557829
15.661021 -1.557367
15.667549 -1.557514
15.674077 -1.557417
15.680605 -1.557259
15.687134 -1.556980
15.693662 -1.556822
15.700190 -1.556908
15.706718 -1.556750
15.713246 -1.556714
15.719774 -1.556983
15.726302 -1.557130
15.732831 -1.556728
15.739359 -1.556325
15.745887 -1.556106
15.752415 -1.556069
15.758943 -1.556094
15.765471 -1.556364
15.771999 -1.556144
15.778528 -1.556474
15.785056 -1.555888
15.791584 -1.555729
15.798112 -1.555815
15.804640 -1.556023
15.811168 -1.555803
15.817696 -1.555400
15.824225 -1.555363
15.830753 -1.555327
15.837281 -1.555229
15.843809 -1.554887
15.850337 -1.554850
15.856865 -1.555118
15.863393 -1.555081
15.869922 -1.555044
15.876450 -1.554702
15.882978 -1.554299
15.889506 -1.554262
15.896034 -1.554347
15.902562 -1.554371
15.909090 -1.553601
15.915619 -1.553563
15.922147 -1.554015
15.928675 -1.553612
15.935203 -1.553390
15.941731 -1.552804
15.948259 -1.553132
15.954787 -1.553339
15.961316 -1.553485
15.967844 -1.553570
15.974372 -1.552921
15.980900 -1.552944
15.987428 -1.553151
15.993956 -1.553236
16.000484 -1.553014
16.007013 -1.552732
16.013541 -1.552755
16.020069 -1.552656
16.026597 -1.552679
16.033125 -1.552458
16.039653 -1.552847
16.046182 -1.552932
16.052582 -1.552956
16.059110 -1.552489
16.065638 -1.552207
16.072166 -1.552047
16.078694 -1.552374
16.085222 -1.552275
16.091751 -1.552115
16.098279 -1.551649
16.104807 -1.551611
16.111335 -1.551572
16.117863 -1.552266
16.124391 -1.552227
16.130919 -1.552249
16.137448 -1.551967
16.143976 -1.552111
16.150504 -1.552378
16.157032 -1.552094
16.163560 -1.551933
16.170088 -1.552016
16.176616 -1.552222
16.183145 -1.552366
16.189673 -1.552693
16.196201 -1.553020
16.202729 -1.553164
16.209257 -1.553125
16.215785 -1.552903
16.222313 -1.552497
16.228842 -1.552519
16.235370 -1.552480
16.241898 -1.552379
16.248426 -1.552218
16.254954 -1.552300
16.261482 -1.552505
16.268010 -1.552770
16.274539 -1.552609
16.281067 -1.552508
16.287595 -1.552895
16.294123 -1.552794
16.300651 -1.552633
16.307179 -1.552532
16.313707 -1.552736
16.320236 -1.552818
16.326764 -1.552412
16.333292 -1.552189
16.339820 -1.552576
16.346348 -1.552536
16.352876 -1.552740
16.359404 -1.552762
16.365933 -1.552904
16.372461 -1.552497
16.378989 -1.552824
16.385517 -1.553272
16.392045 -1.553109
16.398573 -1.553008
16.405102 -1.552845
16.411630 -1.553171
16.418158 -1.552947
16.424686 -1.553090
16.431214 -1.552683
16.437742 -1.552825
16.444270 -1.552907
16.450799 -1.552561
16.457327 -1.551909
16.463855 -1.552113
16.470383 -1.552621
16.476911 -1.552336
16.483439 -1.552539
16.489967 -1.552071
16.496496 -1.551724
16.503024 -1.551683
16.509552 -1.551581
16.516080 -1.551601
16.522608 -1.551560
16.529136 -1.551702
16.535664 -1.551599
16.542193 -1.551375
16.548721 -1.551333
16.555249 -1.551659
16.561777 -1.551495
16.568305 -1.551026
16.574833 -1.551045
16.581361 -1.550759
16.587890 -1.550596
16.594418 -1.550493
16.600946 -1.550451
16.607474 -1.550776
16.614002 -1.550063
16.620530 -1.549838
16.627058 -1.549796
16.633587 -1.550242
16.640115 -1.550017
16.646643 -1.549975
16.653171 -1.549201
16.659699 -1.549220
16.666227 -1.548872
16.672755 -1.548341
16.679284 -1.548116
16.685812 -1.548562
16.692340 -1.548763
16.698868 -1.548721
16.705396 -1.548679
16.711924 -1.548453
16.718452 -1.548411
16.724981 -1.548307
16.731509 -1.548264
16.738037 -1.548527
16.744565 -1.548240
16.751093 -1.547831
16.757621 -1.547789
16.764150 -1.547746
16.770678 -1.547337
16.777206 -1.547599
16.783734 -1.547800
16.790262 -1.548307
16.796790 -1.548264
16.803318 -1.548098
16.809847 -1.547811
16.816375 -1.547402
16.822903 -1.547664
16.829431 -1.547681
16.835959 -1.547455
16.842487 -1.546985
16.849015 -1.546636
16.855544 -1.546654
16.862072 -1.547343
16.868600 -1.547299
16.875128 -1.547561
16.881656 -1.548128
16.888184 -1.547901
16.894712 -1.547675
16.901241 -1.547814
16.907769 -1.547465
16.914297 -1.547115
16.920825 -1.547255
16.927353 -1.547211
16.933881 -1.547412
16.940409 -1.547368
16.946938 -1.547751
16.953466 -1.548439
16.959994 -1.548578
16.966522 -1.548901
16.973050 -1.548795
16.979578 -1.548445
16.986106 -1.548218
16.992635 -1.547930
16.999163 -1.547519
17.005691 -1.547475
17.012219 -1.547613
17.018747 -1.548179
17.025275 -1.548134
17.031803 -1.548273
17.038332 -1.548717
17.044860 -1.548673
17.051388 -1.548628
17.057916 -1.548217
17.064444 -1.547988
17.070972 -1.547395
17.077500 -1.547594
17.084029 -1.547732
17.090557 -1.547687
17.097085 -1.547764
17.103613 -1.548269
17.110141 -1.548529
17.116669 -1.548545
17.123198 -1.548500
17.129726 -1.548698
17.136254 -1.548531
17.142782 -1.548486
17.149310 -1.548074
17.155838 -1.547479
17.162366 -1.547312
17.168895 -1.547633
17.175423 -1.547893
17.181951 -1.547908
17.188479 -1.547863
17.195007 -1.548000
17.201535 -1.547893
17.208063 -1.547299
17.214592 -1.547314
17.221120 -1.547023
17.227648 -1.546794
17.234176 -1.546565
17.240704 -1.546336
17.247232 -1.546534
17.253760 -1.546488
17.260289 -1.546015
17.266817 -1.545847
17.273345 -1.546289
17.279873 -1.546487
17.286401 -1.546380
17.292929 -1.546578
17.299457 -1.546532
17.305986 -1.545692
17.312514 -1.545340
17.319042 -1.544745
17.325570 -1.544882
17.332098 -1.545140
17.338626 -1.545703
17.345154 -1.545657
17.351683 -1.545366
17.358211 -1.545380
17.364739 -1.545334
17.371267 -1.545043
17.377795 -1.544630
17.384323 -1.544644
17.390851 -1.544597
17.397380 -1.543939
17.403908 -1.543831
17.410436 -1.543601
17.416964 -1.543432
17.423492 -1.543935
17.430020 -1.544254
17.436548 -1.544085
17.443077 -1.544038
17.449605 -1.543623
17.456133 -1.543454
17.462661 -1.543224
17.469189 -1.542810
17.475717 -1.542946
17.482246 -1.543081
17.488774 -1.543034
17.495302 -1.543047
17.501830 -1.543122
17.508358 -1.543502
17.514886 -1.543515
17.521414 -1.543406
17.527943 -1.543176
17.534471 -1.543005
17.540999 -1.543080
17.547527 -1.542909
17.554055 -1.542739
17.560583 -1.542508
17.567111 -1.541972
17.573640 -1.542107
17.580168 -1.542669
17.586696 -1.542559
17.593224 -1.542328
17.599752 -1.542341
17.606280 -1.541927
17.612808 -1.541695
17.619337 -1.541769
17.625865 -1.542086
17.632393 -1.542221
17.638921 -1.542417
17.645449 -1.542430
17.651977 -1.542136
17.658505 -1.541722
17.665034 -1.541856
17.671562 -1.542357
17.678090 -1.542491
17.684618 -1.542809
17.691146 -1.542638
17.697674 -1.542711
17.704202 -1.542906
17.710731 -1.542491
17.717259 -1.542747
17.723787 -1.542759
17.730315 -1.543198
17.736843 -1.543149
17.743371 -1.542611
17.749899 -1.542501
17.756428 -1.542696
17.762956 -1.542585
17.769484 -1.542597
17.776012 -1.542365
17.782540 -1.542620
17.789068 -1.543182
17.795596 -1.543132
17.802125 -1.543022
17.808653 -1.542666
17.815181 -1.542555
17.821709 -1.542384
17.828237 -1.542701
17.834765 -1.543139
17.841294 -1.542967
17.847822 -1.543039
17.854350 -1.542928
17.860878 -1.542695
17.867406 -1.542462
17.873934 -1.542961
17.880462 -1.542972
17.886991 -1.542861
17.893519 -1.542994
17.900047 -1.542944
17.906575 -1.542710
17.913103 -1.542294
17.919631 -1.542122
17.926159 -1.542620
17.932688 -1.542509
17.939216 -1.542458
17.945744 -1.542286
17.952272 -1.542174
17.958800 -1.541758
17.965328 -1.541523
17.971856 -1.541350
17.978385 -1.541117
17.984913 -1.540822
17.991441 -1.540405
17.997969 -1.540171
18.004497 -1.540303
18.011025 -1.540496
18.017553 -1.540811
18.024082 -1.540577
18.030610 -1.540282
18.037138 -1.540231
18.043666 -1.540241
18.050194 -1.540190
18.056722 -1.539894
18.063250 -1.539538
18.069779 -1.539487
18.076307 -1.539557
18.082835 -1.539506
18.089363 -1.539820
18.095891 -1.540135
18.102419 -1.539961
18.108947 -1.539361
18.115476 -1.539248
18.122004 -1.539196
18.128532 -1.539145
18.135060 -1.538788
18.141588 -1.538492
18.148116 -1.538317
18.154644 -1.538021
18.161173 -1.537726
18.167701 -1.537491
18.174229 -1.538049
18.180757 -1.538424
18.187285 -1.538494
18.193813 -1.538320
18.200342 -1.537840
18.206870 -1.537422
18.213398 -1.537187
18.219926 -1.536951
18.226454 -1.536899
18.232982 -1.537151
18.239510 -1.537282
18.246039 -1.537230
18.252567 -1.537238
18.259095 -1.537307
18.265623 -1.537500
18.272151 -1.537630
18.278679 -1.537455
18.285207 -1.537219
18.291736 -1.537289
18.298264 -1.537236
18.304792 -1.536938
18.311320 -1.536946
18.317848 -1.536954
18.324376 -1.537146
18.330904 -1.537276
18.337433 -1.537223
18.343961 -1.537109
18.350489 -1.537056
18.357017 -1.536392
18.363545 -1.536399
18.370073 -1.536468
18.376601 -1.536110
18.383130 -1.536178
18.389658 -1.536369
18.396186 -1.536316
18.402714 -1.536446
18.409242 -1.536209
18.415770 -1.536094
18.422298 -1.536651
18.428827 -1.537330
18.435355 -1.537520
18.441883 -1.537466
18.448411 -1.537168
18.454939 -1.536565
18.461467 -1.536390
18.467995 -1.536885
18.474524 -1.537197
18.481052 -1.536716
18.487580 -1.537089
18.494108 -1.537034
18.500636 -1.537163
18.507164 -1.537476
18.513692 -1.537361
18.520221 -1.536757
18.526749 -1.537069
18.533277 -1.537076
18.539805 -1.536838
18.546333 -1.536722
18.552861 -1.536485
18.559390 -1.536308
18.565918 -1.536253
18.572446 -1.536504
18.578974 -1.536510
18.585502 -1.536395
18.592030 -1.537256
18.598558 -1.537018
18.605087 -1.536719
18.611615 -1.536481
18.618143 -1.536304
18.624671 -1.536249
18.631199 -1.536865
18.637727 -1.536688
18.644255 -1.536450
18.650784 -1.536334
18.657312 -1.536462
18.663840 -1.536407
18.670368 -1.536595
18.676896 -1.535991
18.683424 -1.536485
18.689952 -1.536429
18.696481 -1.536191
18.703009 -1.535709
18.709537 -1.535531
18.716065 -1.535475
18.722593 -1.535725
18.729121 -1.535364
18.735649 -1.534942
18.742178 -1.534337
18.748706 -1.534281
18.755234 -1.534042
18.761762 -1.534108
18.768290 -1.534114
18.774818 -1.534607
18.781346 -1.534673
18.787875 -1.534495
18.794403 -1.534439
18.800931 -1.534016
18.807459 -1.533899
18.813987 -1.533355
18.820515 -1.533604
18.827043 -1.533731
18.833572 -1.533857
18.840100 -1.533862
18.846628 -1.533927
18.853156 -1.533749
18.859684 -1.533449
18.866212 -1.533087
18.872740 -1.533152
18.879269 -1.532791
18.885797 -1.532184
18.892325 -1.532066
18.898853 -1.532071
18.905381 -1.531770
18.911909 -1.531530
18.918438 -1.531900
18.924966 -1.531966
18.931494 -1.531725
18.938022 -1.531668
18.944550 -1.531672
18.951078 -1.531554
18.957606 -1.530948
18.964135 -1.530708
18.970663 -1.530102
18.977191 -1.530227
18.983719 -1.530719
18.990247 -1.530967
18.996775 -1.530909
19.003303 -1.531035
19.009832 -1.530855
19.016360 -1.531226
19.022888 -1.531290
19.029416 -1.531050
19.035944 -1.530992
19.042472 -1.530689
19.049000 -1.530693
19.055529 -1.530696
19.062057 -1.530333
19.068585 -1.530397
19.075113 -1.530584
19.081641 -1.530892
19.088169 -1.531322
19.094697 -1.530776
19.101226 -1.530657
19.107754 -1.530599
19.114282 -1.530113
19.120810 -1.530116
19.127338 -1.530058
19.133866 -1.529938
19.140394 -1.529697
19.146923 -1.529822
19.153451 -1.530557
19.159979 -1.530194
19.166507 -1.530623
19.173035 -1.530748
19.179563 -1.530872
19.186091 -1.530997
19.192620 -1.530572
19.199148 -1.530574
19.205676 -1.530820
19.212204 -1.530457
19.218732 -1.530581
19.225260 -1.530522
19.231788 -1.530829
19.238317 -1.531259
19.244845 -1.531261
19.251373 -1.530836
19.257901 -1.530899
19.264429 -1.530718
19.270957 -1.530781
19.277486 -1.530354
19.284014 -1.530234
19.290542 -1.530053
19.297070 -1.529993
19.303598 -1.529751
19.310126 -1.530058
19.316654 -1.530182
19.323183 -1.530428
19.329711 -1.530917
19.336239 -1.530674
19.342767 -1.530310
19.349295 -1.530250
19.355823 -1.529640
19.362351 -1.529581
19.368880 -1.529460
19.375408 -1.529095
19.381936 -1.529340
19.388464 -1.530196
19.394992 -1.530014
19.401520 -1.529954
19.408048 -1.529833
19.414577 -1.529407
19.421105 -1.529347
19.427633 -1.529348
19.434161 -1.529104
19.440689 -1.528982
19.447217 -1.528617
19.453745 -1.528312
19.460274 -1.528069
19.466802 -1.528435
19.473330 -1.528192
19.479858 -1.528436
19.486386 -1.528193
19.492914 -1.528132
19.499442 -1.528071
19.505971 -1.527645
19.512499 -1.527096
19.519027 -1.527035
19.525555 -1.526730
19.532083 -1.526914
19.538611 -1.527036
19.545139 -1.527341
19.551668 -1.527097
19.558196 -1.526792
19.564724 -1.526913
19.571252 -1.526913
19.577780 -1.526852
19.584308 -1.526730
19.590836 -1.526303
19.597365 -1.526241
19.603893 -1.526241
19.610421 -1.526363
19.616949 -1.526240
19.623477 -1.525874
19.630005 -1.525995
19.636534 -1.526117
19.643062 -1.525994
19.649590 -1.525444
19.656118 -1.525505
19.662646 -1.524893
19.669174 -1.524648
19.675702 -1.524342
19.682231 -1.524524
19.688759 -1.524890
19.695287 -1.524401
19.701815 -1.524095
19.708343 -1.524277
19.714871 -1.524215
19.721399 -1.524274
19.727928 -1.523907
19.734456 -1.524211
19.740984 -1.524516
19.747512 -1.524697
19.754040 -1.524452
19.760568 -1.524390
19.767096 -1.524327
19.773625 -1.524020
19.780153 -1.524141
19.786681 -1.524140
19.793209 -1.524199
19.799737 -1.523709
19.806265 -1.523952
19.812793 -1.524133
19.819322 -1.523888
19.825850 -1.524313
19.832378 -1.524494
19.838906 -1.523699
19.845434 -1.523636
19.851962 -1.523512
19.858490 -1.523082
19.865019 -1.523019
19.871547 -1.522956
19.878075 -1.523015
19.884603 -1.523075
19.891131 -1.523316
19.897659 -1.523436
19.904187 -1.523739
19.910716 -1.523370
19.917244 -1.523795
19.923772 -1.524159
19.930300 -1.523851
19.936828 -1.523788
19.943356 -1.523785
19.949884 -1.523721
19.956413 -1.523109
19.962941 -1.523045
19.969469 -1.522981
19.975997 -1.523650
19.982525 -1.523586
19.989053 -1.523889
19.995582 -1.524130
20.002110 -1.523761
20.008638 -1.523513
20.015166 -1.523449
20.021694 -1.523508
20.028222 -1.523077
20.034750 -1.522708
20.041279 -1.522582
20.047807 -1.522884
20.054335 -1.523064
20.060863 -1.523245
20.067391 -1.523424
20.073919 -1.523482
20.080447 -1.523600
20.086976 -1.523414
20.093504 -1.523166
20.100032 -1.522919
20.106560 -1.522304
20.113088 -1.521995
20.119616 -1.521809
20.126144 -1.521683
20.132673 -1.522228
20.139201 -1.522713
20.145729 -1.522831
20.152257 -1.523193
20.158785 -1.523128
20.165313 -1.522819
20.171841 -1.522327
20.178370 -1.522079
20.184898 -1.521342
20.191426 -1.521094
20.197954 -1.520846
20.204482 -1.520780
20.211010 -1.520898
20.217538 -1.521016
20.224067 -1.521316
20.230595 -1.521435
20.237123 -1.521674
20.243651 -1.521426
20.250179 -1.520505
20.256707 -1.520196
20.263235 -1.519642
20.269764 -1.519209
20.276292 -1.519267
20.282820 -1.519384
20.289348 -1.519562
20.295876 -1.519435
20.302404 -1.519735
20.308932 -1.519669
20.315461 -1.519481
20.321989 -1.519598
20.328517 -1.519654
20.335045 -1.519283
20.341573 -1.518973
20.348101 -1.518418
20.354630 -1.518718
20.361158 -1.518408
20.367686 -1.517914
20.374214 -1.517908
20.380742 -1.517964
20.387270 -1.518386
20.393798 -1.518625
20.400327 -1.518253
20.406855 -1.518309
20.413383 -1.517692
20.419911 -1.517260
20.426439 -1.517315
20.432967 -1.517065
20.439495 -1.516144
20.446024 -1.516260
20.452552 -1.516193
20.459080 -1.516493
20.465608 -1.516609
20.472136 -1.517152
20.478664 -1.517023
20.485192 -1.517201
20.491721 -1.517683
20.498249 -1.517311
20.504777 -1.516572
20.511305 -1.516566
20.517833 -1.516620
20.524361 -1.516614
20.530889 -1.516302
20.537418 -1.516296
20.543946 -1.516657
20.550474 -1.516955
20.557002 -1.517009
20.563530 -1.517186
20.570058 -1.517057
20.576586 -1.516867
20.583115 -1.516739
20.589643 -1.516732
20.596171 -1.516237
20.602699 -1.515375
20.609227 -1.515368
20.615755 -1.515666
20.622283 -1.515843
20.628812 -1.516141
20.635340 -1.516622
20.641868 -1.516676
20.648396 -1.516608
20.654924 -1.516601
20.661452 -1.515922
20.667980 -1.515488
20.674509 -1.515786
20.681037 -1.515961
20.687565 -1.516015
20.694093 -1.516008
20.700621 -1.516061
20.707149 -1.516175
20.713678 -1.516535
20.720206 -1.516832
20.726734 -1.516581
20.733262 -1.516817
20.739790 -1.516748
20.746318 -1.516374
20.752846 -1.516122
20.759375 -1.516359
20.765903 -1.515924
20.772431 -1.515000
20.778959 -1.514870
20.785487 -1.515228
20.792015 -1.515341
20.798543 -1.515639
20.805072 -1.515325
20.811600 -1.515440
20.818128 -1.515187
20.824656 -1.514873
20.831184 -1.514987
20.837712 -1.514978
20.844240 -1.514726
20.850769 -1.514596
20.857297 -1.514770
20.863825 -1.514517
20.870353 -1.514265
20.876881 -1.514195
20.883409 -1.514980
20.889937 -1.514972
20.896466 -1.515085
20.902994 -1.515320
20.909522 -1.515067
20.916050 -1.514875
20.922578 -1.514194
20.929106 -1.513819
20.935634 -1.513566
20.942163 -1.513679
20.948691 -1.513548
20.955219 -1.513478
20.961747 -1.513408
20.968275 -1.513337
20.974803 -1.513328
20.981331 -1.513380
20.987860 -1.512943
20.994388 -1.512751
21.000916 -1.512314
21.007444 -1.512183
21.013972 -1.511624
21.020500 -1.511676
21.027028 -1.511849
21.033557 -1.511718
21.040085 -1.511708
21.046613 -1.512125
21.053141 -1.512054
21.059669 -1.511983
21.066197 -1.511729
21.072726 -1.511659
21.079254 -1.511466
21.085782 -1.511333
21.092310 -1.510957
21.098838 -1.510642
21.105366 -1.510448
21.111894 -1.510316
21.118423 -1.510184
21.124951 -1.510601
21.131479 -1.510530
21.138007 -1.510276
21.144535 -1.510509
21.151063 -1.509949
21.157591 -1.509755
21.164120 -1.509990
21.170648 -1.509612
21.177176 -1.509175
21.183704 -1.508798
21.190232 -1.508543
21.196760 -1.508960
21.203288 -1.509071
21.209817 -1.508938
21.216345 -1.508805
21.222873 -1.508916
21.229401 -1.509150
21.235929 -1.509566
21.242457 -1.509372
21.248985 -1.509117
21.255514 -1.508739
21.262042 -1.508912
21.268570 -1.508655
21.275098 -1.508400
21.281626 -1.508328
21.288154 -1.508501
21.294682 -1.508733
21.301211 -1.508722
21.307739 -1.509198
21.314267 -1.509126
21.320795 -1.508809
21.327323 -1.508066
21.333851 -1.507993
21.340379 -1.507920
21.346908 -1.507970
21.353436 -1.508263
21.359964 -1.508190
21.366492 -1.508300
21.373020 -1.508471
21.379548 -1.508581
21.386076 -1.508630
21.392605 -1.508252
21.399133 -1.507813
21.405661 -1.508045
21.412189 -1.507972
21.418717 -1.508082
21.425245 -1.508008
21.431774 -1.508301
21.438302 -1.508778
21.444830 -1.508521
21.451358 -1.508448
21.457886 -1.508252
21.464414 -1.508545
21.470942 -1.508594
21.477471 -1.508398
21.483999 -1.507774
21.490527 -1.507884
21.497055 -1.508116
21.503583 -1.508225
21.510111 -1.507846
21.516639 -1.507528
21.523168 -1.507515
21.529696 -1.507564
21.536224 -1.507184
21.542752 -1.507232
21.549280 -1.507158
21.555808 -1.507206
21.562336 -1.507316
21.568865 -1.507057
21.575393 -1.506983
21.581921 -1.506787
21.588449 -1.507202
21.594977 -1.506638
21.601505 -1.506564
21.608033 -1.506306
21.614562 -1.506232
21.621090 -1.506157
21.627618 -1.506266
21.634146 -1.506375
21.640674 -1.506850
21.647202 -1.506531
21.653730 -1.506456
21.660259 -1.506564
21.666787 -1.506002
21.673315 -1.505682
21.679843 -1.505241
21.686371 -1.505044
21.692899 -1.504969
21.699427 -1.504894
21.705956 -1.505185
21.712484 -1.505232
21.719012 -1.504852
21.725540 -1.504532
21.732068 -1.504091
21.738596 -1.504016
21.745124 -1.504306
21.751653 -1.503865
21.758181 -1.503485
21.764709 -1.503226
21.771237 -1.503456
21.777765 -1.503624
21.784293 -1.503854
21.790822 -1.503107
21.797350 -1.503153
21.803878 -1.503139
21.810406 -1.502636
21.816934 -1.502743
21.823462 -1.502850
21.829990 -1.502408
21.836519 -1.502209
21.843047 -1.502072
21.849575 -1.501813
21.856103 -1.502165
21.862631 -1.502028
21.869159 -1.502196
21.875687 -1.502059
21.882216 -1.501800
21.888744 -1.502089
21.895272 -1.501708
21.901800 -1.501571
21.908328 -1.501310
21.914856 -1.500868
21.921384 -1.500913
21.927913 -1.500349
21.934441 -1.500394
21.940969 -1.500379
21.947497 -1.500851
21.954025 -1.500897
21.960553 -1.500821
21.967081 -1.500744
21.973610 -1.500789
21.980138 -1.500773
21.986666 -1.500513
21.993194 -1.500436
21.999722 -1.500297
22.006250 -1.500465
22.012778 -1.500510
22.019307 -1.499883
22.025835 -1.499928
22.032363 -1.500462
22.038891 -1.500446
22.045419 -1.500673
22.051947 -1.500779
22.058475 -1.500763
22.065004 -1.500502
22.071532 -1.499632
22.078060 -1.499309
22.084588 -1.499355
22.091116 -1.499215
22.097644 -1.499321
22.104172 -1.499488
22.110701 -1.499532
22.117229 -1.499637
22.123757 -1.500108
22.130285 -1.499909
22.136813 -1.499404
22.143341 -1.499387
22.149869 -1.499309
22.156398 -1.499170
22.162926 -1.498970
22.169454 -1.499380
22.175982 -1.499668
22.182510 -1.499101
22.189038 -1.499145
22.195567 -1.499494
22.202095 -1.499783
22.208623 -1.499887
22.215151 -1.499565
22.221679 -1.499669
22.228207 -1.499041
22.234735 -1.498779
22.241264 -1.498701
22.247792 -1.498683
22.254320 -1.499154
22.260848 -1.498831
22.267376 -1.498630
22.273904 -1.499284
22.280432 -1.499388
22.286961 -1.499127
22.293489 -1.498865
22.300017 -1.498786
22.306545 -1.498340
22.313073 -1.498017
22.319601 -1.497816
22.326129 -1.498102
22.332658 -1.497779
22.339186 -1.497944
22.345714 -1.497926
22.352242 -1.497542
22.358770 -1.497829
22.365298 -1.497872
22.371826 -1.497670
22.378355 -1.497529
22.384883 -1.497266
22.391411 -1.497248
22.397939 -1.497474
22.404467 -1.497639
22.410995 -1.497193
22.417523 -1.496929
22.424052 -1.496423
22.430580 -1.496038
22.437108 -1.496324
22.443636 -1.496366
22.450164 -1.496469
22.456692 -1.496267
22.463220 -1.495638
22.469749 -1.495497
22.476277 -1.495295
22.482805 -1.494849
22.489333 -1.494586
22.495861 -1.494993
22.502389 -1.494730
22.508917 -1.495016
22.515446 -1.494935
22.521974 -1.494672
22.528502 -1.494226
22.535030 -1.494389
22.541558 -1.494309
22.548086 -1.494228
22.554615 -1.493964
22.561143 -1.493884
22.567671 -1.493742
22.574199 -1.493355
22.580727 -1.493152
22.587255 -1.493133
22.593783 -1.493113
22.600312 -1.493032
22.606840 -1.493501
22.613368 -1.493176
22.619896 -1.492545
22.626424 -1.492586
22.632952 -1.492444
22.639480 -1.492302
22.646009 -1.492464
22.652537 -1.492322
22.659065 -1.492119
22.665593 -1.492220
22.672121 -1.492139
22.678649 -1.491631
22.685177 -1.491366
22.691706 -1.491834
22.698234 -1.491569
22.704762 -1.491548
22.711290 -1.491284
22.717818 -1.491568
22.724346 -1.491731
22.730874 -1.491650
22.737403 -1.491323
22.743931 -1.490875
22.750459 -1.491221
22.756987 -1.491444
22.763515 -1.491728
22.770043 -1.491341
22.776571 -1.491259
22.783100 -1.491177
22.789628 -1.491095
22.796156 -1.491135
22.802684 -1.491601
22.809212 -1.491763
22.815740 -1.491498
22.822268 -1.491233
22.828797 -1.490967
22.835325 -1.490885
22.841853 -1.490558
22.848381 -1.490354
22.854909 -1.490271
22.861437 -1.490310
22.867965 -1.490411
22.874494 -1.490694
22.881022 -1.490672
22.887550 -1.490529
22.894078 -1.490690
22.900606 -1.490790
22.907134 -1.490646
22.913663 -1.490197
22.920191 -1.490175
22.926719 -1.489909
22.933247 -1.490009
22.939775 -1.490109
22.946303 -1.490331
22.952831 -1.490492
22.959360 -1.490897
22.965888 -1.490875
22.972416 -1.490608
22.978944 -1.490098
22.985472 -1.490015
22.992000 -1.489992
22.998528 -1.489664
23.005057 -1.489275
23.011585 -1.489496
23.018113 -1.489658
23.024641 -1.489879
23.031169 -1.489306
23.037697 -1.489346
23.044225 -1.489506
23.050754 -1.489361
23.057282 -1.489155
23.063810 -1.488826
23.070338 -1.488742
23.076866 -1.488475
23.083394 -1.488086
23.089922 -1.487758
23.096451 -1.487735
23.102979 -1.488017
23.109507 -1.488237
23.116035 -1.488275
23.122563 -1.488191
23.129091 -1.488473
23.135619 -1.488389
23.142148 -1.488366
23.148676 -1.488220
23.155204 -1.487831
23.161732 -1.487196
23.168260 -1.486745
23.174788 -1.486783
23.181316 -1.486881
23.187845 -1.486796
23.194373 -1.486528
23.200901 -1.486688
23.207429 -1.486786
23.213957 -1.486518
23.220485 -1.485884
23.227013 -1.485372
23.233542 -1.485104
23.240070 -1.485019
23.246598 -1.485178
23.253126 -1.484909
23.259654 -1.485129
23.266182 -1.485227
23.272711 -1.484837
23.279239 -1.484507
23.285767 -1.484666
23.292295 -1.484947
23.298823 -1.484861
23.305351 -1.484898
23.311879 -1.484446
23.318408 -1.483749
23.324936 -1.483909
23.331464 -1.484067
23.337992 -1.484103
23.344520 -1.484018
23.351048 -1.484176
23.357576 -1.484090
23.364105 -1.483882
23.370633 -1.483918
23.377161 -1.483344
23.383689 -1.483075
23.390217 -1.482744
23.396745 -1.482903
23.403273 -1.482694
23.409802 -1.482486
23.416330 -1.482216
23.422858 -1.482252
23.429386 -1.482410
23.435914 -1.482323
23.442442 -1.482237
23.448970 -1.482089
23.455499 -1.481637
23.462027 -1.481794
23.468555 -1.482075
23.475083 -1.481804
23.481611 -1.481535
23.488139 -1.481448
23.494667 -1.481544
23.501196 -1.481702
23.507724 -1.481615
23.514252 -1.481712
23.520780 -1.481991
23.527308 -1.482087
23.533836 -1.481939
23.540364 -1.481669
23.546893 -1.481948
23.553421 -1.482043
23.559949 -1.481590
23.566477 -1.481320
23.573005 -1.480928
23.579533 -1.481023
23.586061 -1.480692
23.592590 -1.480788
23.599118 -1.480761
23.605646 -1.480796
23.612174 -1.481074
23.618702 -1.480621
23.625230 -1.480350
23.631759 -1.480628
23.638287 -1.480236
23.644815 -1.480697
23.651343 -1.480792
23.657871 -1.480643
23.664399 -1.480373
23.670927 -1.480285
23.677456 -1.480380
23.683984 -1.480536
23.690512 -1.480815
23.697040 -1.480910
23.703568 -1.481005
23.710096 -1.480916
23.716624 -1.480950
23.723153 -1.480557
23.729681 -1.480286
23.736209 -1.479952
23.742737 -1.479681
23.749265 -1.479837
23.755793 -1.479687
23.762321 -1.479966
23.768850 -1.479694
23.775378 -1.479421
23.781906 -1.479761
23.788434 -1.479794
23.794962 -1.479583
23.801490 -1.479495
23.808018 -1.479345
23.814547 -1.479134
23.821075 -1.478984
23.827603 -1.478345
23.834131 -1.478256
23.840659 -1.478167
23.847187 -1.478383
23.853715 -1.478355
23.860244 -1.478388
23.866772 -1.478361
23.873300 -1.478088
23.879828 -1.477815
23.886356 -1.478215
23.892884 -1.477393
23.899412 -1.477486
23.905941 -1.477214
23.912469 -1.477307
23.918997 -1.477035
23.925525 -1.476213
23.932053 -1.476490
23.938581 -1.476766
23.945109 -1.476737
23.951638 -1.476770
23.958166 -1.476375
23.964694 -1.476224
23.971222 -1.475768
23.977750 -1.475312
23.984278 -1.474855
23.990807 -1.474704
23.997335 -1.474675
24.003863 -1.474830
24.010391 -1.474740
24.016919 -1.474650
24.023447 -1.474376
24.029975 -1.474470
24.036504 -1.475050
24.043032 -1.474960
24.049560 -1.474565
24.056088 -1.474413
24.062616 -1.473834
24.069144 -1.473743
24.075672 -1.473653
24.082201 -1.473562
24.088729 -1.473288
24.095257 -1.473565
24.101785 -1.473657
24.108313 -1.473932
24.114841 -1.473841
24.121369 -1.473629
24.127898 -1.473477
24.134426 -1.473020
24.140954 -1.472562
24.147482 -1.471739
24.154010 -1.472014
24.160538 -1.472228
24.167066 -1.472198
24.173595 -1.472473
24.180123 -1.472137
24.186651 -1.472169
24.193179 -1.472444
24.199707 -1.472474
24.206235 -1.471895
24.212763 -1.471803
24.219292 -1.472200
24.225820 -1.472352
24.232348 -1.472017
24.238876 -1.471803
24.245404 -1.471346
24.251932 -1.471437
24.258460 -1.471650
24.264989 -1.471558
24.271517 -1.471344
24.278045 -1.471741
24.284573 -1.472015
24.291101 -1.471801
24.297629 -1.472014
24.304157 -1.471617
24.310686 -1.471159
24.317214 -1.470701
24.323742 -1.470425
24.330270 -1.470638
24.336798 -1.470424
24.343326 -1.470515
24.349855 -1.470605
24.356383 -1.470818
24.362911 -1.470786
24.369439 -1.470877
24.375967 -1.471151
24.382495 -1.470448
24.389023 -1.470355
24.395552 -1.469958
24.402080 -1.469865
24.408608 -1.470077
24.415136 -1.470046
24.421664 -1.469770
24.428192 -1.469982
24.434720 -1.470439
24.441121 -1.470592
24.447649 -1.470804
24.454177 -1.470528
24.460705 -1.470496
24.467233 -1.470342
24.473761 -1.470066
24.480289 -1.469606
24.486818 -1.469512
24.493346 -1.469480
24.499874 -1.469326
24.506402 -1.469477
24.512930 -1.469506
24.519458 -1.469046
24.525986 -1.468769
24.532515 -1.469103
24.539043 -1.469315
24.545571 -1.468855
24.552099 -1.468578
24.558627 -1.468484
24.565155 -1.468085
24.571683 -1.467930
24.578212 -1.467532
24.584740 -1.467743
24.591268 -1.467466
24.597796 -1.467250
24.604324 -1.467339
24.610852 -1.467611
24.617380 -1.468006
24.623909 -1.468034
24.630437 -1.467634
24.636965 -1.467295
24.643493 -1.467079
24.650021 -1.466619
24.656549 -1.466524
24.663077 -1.466247
24.669606 -1.466153
24.676134 -1.466363
24.682662 -1.466086
24.689190 -1.466235
24.695718 -1.466141
24.702246 -1.466168
24.708775 -1.465707
24.715303 -1.465307
24.721831 -1.465152
24.728359 -1.464385
24.734887 -1.464229
24.741415 -1.464134
24.747943 -1.463856
24.754472 -1.463944
24.761000 -1.463910
24.767528 -1.464304
24.774056 -1.464087
24.780584 -1.464541
24.787112 -1.464141
24.793640 -1.463619
24.800169 -1.463339
24.806697 -1.463244
24.813225 -1.463149
24.819753 -1.462687
24.826281 -1.462592
24.832809 -1.462862
24.839337 -1.463195
24.845866 -1.463221
24.852394 -1.463553
24.858922 -1.463274
24.865450 -1.463300
24.871978 -1.463265
24.878506 -1.462621
24.885034 -1.462647
24.891563 -1.462551
24.898091 -1.462272
24.904619 -1.461565
24.911147 -1.461347
24.917675 -1.461434
24.924203 -1.461338
24.930731 -1.461181
24.937260 -1.460963
24.943788 -1.461294
24.950316 -1.461381
24.956844 -1.461285
24.963372 -1.461128
24.969900 -1.461031
24.976428 -1.460996
24.982957 -1.461082
24.989485 -1.460497
24.996013 -1.460706
25.002541 -1.460976
25.009069 -1.460879
25.015597 -1.460965
25.022125 -1.460625
25.028654 -1.460772
25.035182 -1.460858
25.041710 -1.460944
25.048238 -1.461335
25.054766 -1.460872
25.061294 -1.460775
25.067823 -1.460678
25.074351 -1.460093
25.080879 -1.459935
25.087407 -1.460448
25.093935 -1.460290
25.100463 -1.459827
25.106991 -1.459790
25.113520 -1.459510
25.120048 -1.459169
25.126576 -1.459437
25.133104 -1.459706
25.139632 -1.459791
25.146160 -1.459328
25.152688 -1.459779
25.159217 -1.459682
25.165745 -1.459584
25.172273 -1.459670
25.178801 -1.459633
25.185329 -1.459108
25.191857 -1.459010
25.198385 -1.459462
25.204914 -1.459425
25.211442 -1.459266
25.217970 -1.459046
25.224498 -1.458764
25.231026 -1.458789
25.237554 -1.458691
25.244082 -1.458654
25.250611 -1.458371
25.257139 -1.458212
25.263667 -1.458114
25.270195 -1.457894
25.276723 -1.457795
25.283251 -1.457148
25.289779 -1.457354
25.296308 -1.457439
25.302836 -1.457523
25.309364 -1.457486
25.315892 -1.457204
25.322420 -1.457105
25.328948 -1.456763
25.335476 -1.456725
25.342005 -1.456626
25.348533 -1.456100
25.355061 -1.456001
25.361589 -1.455719
25.368117 -1.455864
25.374645 -1.456070
25.381173 -1.456276
25.387702 -1.456177
25.394230 -1.456139
25.400758 -1.455857
25.407286 -1.455758
25.413814 -1.455231
25.420342 -1.455193
25.426871 -1.455033
25.433399 -1.454933
25.439927 -1.454529
25.446455 -1.454429
25.452983 -1.454147
25.459511 -1.454352
25.466039 -1.454314
25.472568 -1.454397
25.479096 -1.454053
25.485624 -1.453648
25.492152 -1.453183
25.498680 -1.452838
25.505208 -1.452922
25.511736 -1.452699
25.518265 -1.452538
25.524793 -1.452744
25.531321 -1.452461
25.537849 -1.452238
25.544377 -1.452383
25.550905 -1.452283
25.557433 -1.452243
25.563962 -1.451898
25.570490 -1.452165
25.577018 -1.452491
25.583546 -1.452147
25.590074 -1.451681
25.596602 -1.451824
25.603130 -1.451663
25.609659 -1.451562
25.616187 -1.451279
25.622715 -1.451239
25.629243 -1.451077
25.635771 -1.450976
25.642299 -1.450937
25.648827 -1.450653
25.655356 -1.450735
25.661884 -1.450389
25.668412 -1.450044
25.674940 -1.449943
25.681468 -1.449537
25.687996 -1.449619
25.694524 -1.449823
25.701053 -1.450150
25.707581 -1.449927
25.714109 -1.450008
25.720637 -1.449907
25.727165 -1.449440
25.733693 -1.449521
25.740221 -1.449725
25.746750 -1.449502
25.753278 -1.449583
25.759806 -1.449604
25.766334 -1.449380
25.772862 -1.449217
25.779390 -1.449177
25.785919 -1.449563
25.792447 -1.449827
25.798975 -1.449542
25.805503 -1.449319
25.812031 -1.449339
25.818559 -1.449054
25.825087 -1.449013
25.831616 -1.449216
25.838144 -1.448809
25.844672 -1.448646
25.851200 -1.448544
25.857728 -1.448502
25.864256 -1.448400
25.870784 -1.448237
25.877313 -1.448135
25.883841 -1.448215
25.890369 -1.447930
25.896897 -1.447705
25.903425 -1.448091
25.909953 -1.448355
25.916481 -1.448130
25.923010 -1.448211
25.929538 -1.448109
25.936066 -1.448006
25.942594 -1.448025
25.949122 -1.447922
25.955650 -1.447514
25.962178 -1.447411
25.968707 -1.447247
25.975235 -1.447144
25.981763 -1.447469
25.988291 -1.447732
25.994819 -1.447263
26.001347 -1.447343
26.007875 -1.447179
26.014404 -1.446525
26.020932 -1.446300
26.027460 -1.446197
26.033988 -1.446032
26.040516 -1.445807
26.047044 -1.445643
26.053572 -1.445600
26.060101 -1.445497
26.066629 -1.445515
26.073157 -1.445473
26.079685 -1.445491
26.086213 -1.445265
26.092741 -1.445101
26.099269 -1.444814
26.105798 -1.444527
26.112326 -1.444362
26.118854 -1.444258
26.125382 -1.444398
26.131910 -1.444294
26.138438 -1.444190
26.144967 -1.444269
26.151495 -1.444348
26.158023 -1.443512
26.164551 -1.443774
26.171079 -1.443487
26.177607 -1.443321
26.184135 -1.443278
26.190664 -1.442747
26.197192 -1.442520
26.203720 -1.442233
26.210248 -1.441701
26.216776 -1.441535
26.223304 -1.441308
26.229832 -1.441632
26.236361 -1.441893
26.242889 -1.441422
26.249417 -1.441684
26.255945 -1.441457
26.262473 -1.441169
26.269001 -1.441003
26.275529 -1.440470
26.282058 -1.440243
26.288586 -1.440443
26.295114 -1.440338
26.301642 -1.440294
26.308170 -1.440189
26.314698 -1.440634
26.321226 -1.440773
26.327755 -1.440607
26.334283 -1.440684
26.340811 -1.440213
26.347339 -1.439620
26.353867 -1.439880
26.360395 -1.439531
26.366923 -1.439608
26.373452 -1.439686
26.379980 -1.439030
26.386508 -1.438924
26.393036 -1.439247
26.399564 -1.438897
26.406092 -1.438852
26.412620 -1.439052
26.419149 -1.438458
26.425677 -1.438535
26.432205 -1.438734
26.438733 -1.438262
26.445261 -1.437972
26.451789 -1.438050
26.458317 -1.438188
26.464846 -1.438082
26.471374 -1.438097
26.477902 -1.437991
26.484430 -1.438495
26.490958 -1.438694
26.497486 -1.437916
26.504015 -1.437932
26.510543 -1.438252
26.517071 -1.438085
26.523599 -1.437795
26.530127 -1.437689
26.536655 -1.437582
26.543183 -1.437293
26.549712 -1.437430
26.556240 -1.437445
26.562768 -1.437399
26.569296 -1.437293
26.575824 -1.437369
26.582352 -1.437384
26.588880 -1.437277
26.595409 -1.437170
26.601937 -1.437063
26.608465 -1.436956
26.614993 -1.436666
26.621521 -1.436070
26.628049 -1.436085
26.634577 -1.436344
26.641106 -1.435871
26.647634 -1.436190
26.654162 -1.436022
26.660690 -1.436343
26.667218 -1.435685
26.673746 -1.435578
26.680274 -1.435592
26.686803 -1.435852
26.693331 -1.435805
26.699859 -1.435697
26.706387 -1.435161
26.712915 -1.435421
26.719443 -1.435557
26.725971 -1.435205
26.732500 -1.434974
26.739028 -1.434805
26.745556 -1.434758
26.752084 -1.434650
26.758612 -1.434665
26.765140 -1.434618
26.771668 -1.434449
26.778197 -1.433913
26.784725 -1.433683
26.791253 -1.433513
26.797781 -1.433649
26.804309 -1.433114
26.810837 -1.433005
26.817365 -1.433080
26.823894 -1.432483
26.830422 -1.432497
26.836950 -1.432449
26.843478 -1.432341
26.850006 -1.432354
26.856534 -1.432245
26.863063 -1.432380
26.869591 -1.431662
26.876119 -1.431370
26.882647 -1.431444
26.889175 -1.432067
26.895703 -1.431958
26.902231 -1.431666
26.908760 -1.431557
26.915288 -1.431448
26.921816 -1.431217
26.928344 -1.430864
26.934872 -1.430999
26.941400 -1.430523
26.947928 -1.430597
26.954457 -1.430488
26.960985 -1.430134
26.967513 -1.429720
26.974041 -1.429366
26.980569 -1.429318
26.987097 -1.429024
26.993625 -1.429038
27.000154 -1.428683
27.006682 -1.428695
27.013210 -1.428831
27.019738 -1.428476
27.026266 -1.428428
27.032794 -1.428073
27.039322 -1.427963
27.045851 -1.427853
27.052379 -1.427988
27.058907 -1.427878
27.065435 -1.427645
27.071963 -1.427780
27.078491 -1.428036
27.085019 -1.427926
27.091548 -1.427450
27.098076 -1.427339
27.104604 -1.427412
27.111132 -1.427363
27.117660 -1.427191
27.124188 -1.426714
27.130716 -1.426848
27.137245 -1.426738
27.143773 -1.426566
27.150301 -1.426456
27.156829 -1.426161
27.163357 -1.425989
27.169885 -1.426185
27.176413 -1.426013
27.182942 -1.426329
27.189470 -1.425852
27.195998 -1.425680
27.202526 -1.425996
27.209054 -1.425824
27.215582 -1.425713
27.222111 -1.425236
27.228639 -1.425369
27.235167 -1.425197
27.241695 -1.425147
27.248223 -1.425523
27.254751 -1.425595
27.261279 -1.425545
27.267808 -1.425616
27.274336 -1.425322
27.280864 -1.425210
27.287392 -1.424916
27.293920 -1.424804
27.300448 -1.424815
27.306976 -1.424764
27.313505 -1.424653
27.320033 -1.424907
27.326561 -1.424734
27.333089 -1.424989
27.339617 -1.424877
27.346145 -1.424765
27.352673 -1.424348
27.359202 -1.424358
27.365730 -1.424124
27.372258 -1.424011
27.378786 -1.423533
27.385314 -1.423360
27.391842 -1.422882
27.398370 -1.422770
27.404899 -1.422902
27.411427 -1.423460
27.417955 -1.423226
27.424483 -1.423419
27.431011 -1.423184
27.437539 -1.423255
27.444067 -1.423143
27.450596 -1.422785
27.457124 -1.422490
27.463652 -1.422621
27.470180 -1.422447
27.476708 -1.422335
27.483236 -1.422222
27.489764 -1.422109
27.496293 -1.422363
27.502821 -1.422616
27.509349 -1.421954
27.515877 -1.421474
27.522405 -1.421239
27.528933 -1.421126
27.535461 -1.421196
27.541990 -1.420839
27.548518 -1.420604
27.555046 -1.420429
27.561574 -1.420316
27.568102 -1.419715
27.574630 -1.419784
27.581159 -1.419671
27.587687 -1.419679
27.594215 -1.419627
27.600743 -1.419635
27.607271 -1.419522
27.613799 -1.419103
27.620327 -1.418989
27.626856 -1.418876
27.633384 -1.418945
27.639912 -1.418587
27.646440 -1.418351
27.652968 -1.418786
27.659496 -1.418855
27.666024 -1.418375
27.672553 -1.418261
27.679081 -1.417781
27.685609 -1.418033
27.692137 -1.417736
27.698665 -1.417073
27.705193 -1.416653
27.711721 -1.416844
27.718250 -1.416547
27.724778 -1.416188
27.731306 -1.416256
27.737834 -1.416142
27.744362 -1.416272
27.750890 -1.416341
27.757418 -1.416043
27.763947 -1.415746
27.770475 -1.415569
27.777003 -1.415516
27.783531 -1.415707
27.790059 -1.415225
27.796587 -1.415049
27.803115 -1.414751
27.809644 -1.414880
27.816172 -1.415193
27.822700 -1.415078
27.829228 -1.414597
27.835756 -1.415031
27.842284 -1.415099
27.848812 -1.415106
27.855341 -1.414685
27.861869 -1.414509
27.868397 -1.414638
27.874925 -1.414462
27.881453 -1.413858
27.887981 -1.413865
27.894509 -1.413993
27.901038 -1.413817
27.907566 -1.413762
27.914094 -1.413403
27.920622 -1.413165
27.927150 -1.413415
27.933678 -1.413117
27.940207 -1.412573
27.946735 -1.412457
27.953263 -1.412403
27.959791 -1.412653
27.966319 -1.412842
27.972847 -1.412543
27.979375 -1.412244
27.985904 -1.412494
27.992432 -1.412744
27.998960 -1.412506
28.005488 -1.412512
28.012016 -1.412212
28.018544 -1.412279
28.025072 -1.412346
28.031601 -1.412046
28.038129 -1.411808
28.044657 -1.412058
28.051185 -1.412124
28.057713 -1.411947
28.064241 -1.411830
28.070769 -1.411591
28.077298 -1.411780
28.083826 -1.411908
28.090354 -1.411424
28.096882 -1.411429
28.103410 -1.411008
28.109938 -1.410464
28.116466 -1.410347
28.122995 -1.410291
28.129523 -1.410174
28.136051 -1.410179
28.142579 -1.410306
28.149107 -1.410189
28.155635 -1.410193
28.162163 -1.410137
28.168692 -1.410020
28.175220 -1.410086
28.181748 -1.410457
28.188276 -1.410157
28.194804 -1.410100
28.201332 -1.409555
28.207860 -1.409682
28.214389 -1.409504
28.220917 -1.409447
28.227445 -1.409269
28.233973 -1.409334
28.240501 -1.409216
28.247029 -1.409342
28.253557 -1.408859
28.260086 -1.408496
28.266614 -1.408195
28.273142 -1.407955
28.279670 -1.407654
28.286198 -1.407475
28.292726 -1.407357
28.299255 -1.407300
28.305783 -1.407365
28.312311 -1.406819
28.318839 -1.406762
28.325367 -1.406644
28.331895 -1.406342
28.338423 -1.406224
28.344952 -1.406106
28.351480 -1.406170
28.358008 -1.405991
28.364536 -1.405933
28.371064 -1.405815
28.377592 -1.405452
28.384120 -1.405333
28.390649 -1.405398
28.397177 -1.405157
28.403705 -1.404977
28.410233 -1.404675
28.416761 -1.404983
28.423289 -1.404864
28.429817 -1.405111
28.436346 -1.404565
28.442874 -1.404263
28.449402 -1.403961
28.455930 -1.403537
28.462458 -1.403601
28.468986 -1.403604
28.475514 -1.403118
28.482043 -1.402815
28.488571 -1.402696
28.495099 -1.402210
28.501627 -1.402274
28.508155 -1.402400
28.514683 -1.402463
28.521211 -1.402343
28.527740 -1.402041
28.534268 -1.402043
28.540796 -1.401801
28.547324 -1.401437
28.553852 -1.401439
28.560380 -1.401319
28.566908 -1.401260
28.573437 -1.401324
28.579965 -1.401265
28.586493 -1.401694
28.593021 -1.401940
28.599549 -1.401576
28.606077 -1.401090
28.612605 -1.401031
28.619134 -1.400728
28.625662 -1.400242
28.632190 -1.400609
28.638718 -1.400184
28.645246 -1.400003
28.651774 -1.400065
28.658303 -1.400128
28.664831 -1.399824
28.671359 -1.399765
28.677887 -1.400010
28.684415 -1.400011
28.690943 -1.399586
28.697471 -1.399221
28.704000 -1.399283
28.710528 -1.398675
28.717056 -1.398431
28.723584 -1.398555
28.730112 -1.398617
28.736640 -1.398923
28.743168 -1.399290
28.749697 -1.399596
28.756225 -1.399475
28.762753 -1.399293
28.769281 -1.399171
28.775809 -1.398745
28.782337 -1.398563
28.788865 -1.398686
28.795394 -1.398381
28.801922 -1.398260
28.808450 -1.398138
28.814978 -1.398322
28.821506 -1.398567
28.828034 -1.398324
28.834562 -1.397957
28.841091 -1.398081
28.847619 -1.398081
28.854147 -1.397776
28.860675 -1.397165
28.867203 -1.396861
28.873731 -1.396556
28.880259 -1.396434
28.886788 -1.396617
28.893316 -1.396861
28.899844 -1.396739
28.906372 -1.396984
28.912900 -1.397106
28.919428 -1.396800
28.925956 -1.396495
28.932485 -1.396006
28.939013 -1.396067
28.945541 -1.395944
28.952069 -1.395395
28.958597 -1.395090
28.965125 -1.395028
28.971653 -1.395272
28.978182 -1.395455
28.984710 -1.395576
28.991238 -1.395271
28.997766 -1.395087
29.004294 -1.394780
29.010822 -1.394536
29.017351 -1.394230
29.023879 -1.394107
29.030407 -1.393618
29.036935 -1.393495
29.043463 -1.393494
29.049991 -1.393371
29.056519 -1.393248
29.063048 -1.393247
29.069576 -1.392941
29.076104 -1.392635
29.082632 -1.392572
29.089160 -1.392388
29.095688 -1.391777
29.102216 -1.392142
29.108745 -1.391896
29.115273 -1.391651
29.121801 -1.391527
29.128329 -1.391526
29.134857 -1.391463
29.141385 -1.391705
29.147913 -1.391582
29.154442 -1.391641
29.160970 -1.391822
29.167498 -1.391638
29.174026 -1.390660
29.180554 -1.390292
29.187082 -1.390229
29.193610 -1.389739
29.200139 -1.389859
29.206667 -1.389857
29.213195 -1.389733
29.219723 -1.389609
29.226251 -1.389485
29.232779 -1.389360
29.239307 -1.388870
29.245836 -1.388807
29.252364 -1.388622
29.258892 -1.388375
29.265420 -1.388251
29.271948 -1.388126
29.278476 -1.387879
29.285004 -1.387877
29.291533 -1.387691
29.298061 -1.387811
29.304589 -1.387808
29.311117 -1.387501
29.317645 -1.387254
29.324173 -1.387129
29.330701 -1.387309
29.337230 -1.387062
29.343758 -1.387486
29.350286 -1.387178
29.356814 -1.387236
29.363342 -1.387050
29.369870 -1.386742
29.376399 -1.386678
29.382927 -1.386858
29.389455 -1.386794
29.395983 -1.386302
29.402511 -1.385750
29.409039 -1.385625
29.415567 -1.385377
29.422096 -1.385252
29.428624 -1.385675
29.435152 -1.385489
29.441680 -1.385058
29.448208 -1.385421
29.454736 -1.385173
29.461264 -1.384620
29.467793 -1.384738
29.474321 -1.384735
29.480849 -1.384304
29.487377 -1.384178
29.493905 -1.384967
29.500433 -1.385329
29.506961 -1.385203
29.513490 -1.385077
29.520018 -1.385012
29.526546 -1.384642
29.533074 -1.384760
29.539602 -1.384572
29.546130 -1.384446
29.552658 -1.384320
29.559187 -1.384439
29.565715 -1.384067
29.572243 -1.383758
29.578771 -1.383631
29.585299 -1.383688
29.591827 -1.383622
29.598355 -1.382947
29.604884 -1.383125
29.611412 -1.383242
29.617940 -1.383239
29.624468 -1.382623
29.630996 -1.382069
29.637524 -1.382003
29.644052 -1.382242
29.650581 -1.381749
29.657109 -1.382110
29.663637 -1.382166
29.670165 -1.382223
29.676693 -1.381973
29.683221 -1.381663
29.689749 -1.381353
29.696278 -1.381165
29.702806 -1.381403
29.709334 -1.381154
29.715862 -1.381149
29.722390 -1.380838
29.728918 -1.380711
29.735447 -1.380766
29.741975 -1.380823
29.748503 -1.380939
29.755031 -1.380690
29.761559 -1.380256
29.768087 -1.379701
29.774615 -1.379451
29.781144 -1.379141
29.787672 -1.378769
29.794200 -1.378824
29.800728 -1.378940
29.807256 -1.378812
29.813784 -1.378135
29.820312 -1.378312
29.826841 -1.378062
29.833369 -1.377873
29.839897 -1.377745
29.846425 -1.377128
29.852953 -1.377122
29.859481 -1.377360
29.866009 -1.376805
29.872538 -1.376493
