-5.00 -6.52 6.20 -0.68
-4.99 -6.13 5.85 0.32
-4.98 -5.50 5.71 -1.70
-4.97 -5.94 6.19 -0.97
-4.96 -6.50 6.26 0.62
-4.95 -6.68 4.86 -0.21
-4.94 -6.86 6.13 -1.04
-4.93 -6.92 5.61 -0.98
-4.92 -5.77 5.39 -0.11
-4.91 -5.86 5.74 0.84
-4.90 -5.94 6.17 -0.45
-4.89 -5.67 5.65 -1.38
-4.88 -5.81 6.14 -2.27
-4.87 -6.36 6.01 1.53
-4.86 -6.30 6.71 0.32
-4.85 -6.64 6.21 -0.49
-4.84 -5.88 5.84 0.69
-4.83 -6.58 5.87 1.64
-4.82 -5.87 5.35 0.81
-4.81 -5.51 5.73 -0.77
-4.80 -7.09 6.53 -0.54
-4.79 -6.07 5.91 -0.48
-4.78 -6.41 5.39 -2.18
-4.77 -5.75 5.27 -0.55
-4.76 -6.58 6.07 -0.21
-4.75 -6.33 6.19 1.29
-4.74 -5.71 6.75 -0.72
-4.73 -6.06 5.31 1.01
-4.72 -6.07 6.59 0.23
-4.71 -6.00 5.41 0.12
-4.70 -5.39 5.81 -0.88
-4.69 -6.57 7.14 -0.25
-4.68 -6.96 6.52 1.18
-4.67 -5.96 5.56 0.01
-4.66 -6.93 6.16 -2.45
-4.65 -4.96 6.09 1.11
-4.64 -5.72 6.50 1.09
-4.63 -6.58 6.65 1.01
-4.62 -6.11 5.95 -0.65
-4.61 -6.79 6.22 0.75
-4.60 -5.49 6.53 0.16
-4.59 -6.60 5.99 -0.40
-4.58 -5.72 5.40 0.22
-4.57 -5.53 5.55 0.84
-4.56 -5.92 5.59 0.67
-4.55 -7.04 6.44 2.42
-4.54 -5.25 5.16 0.46
-4.53 -6.37 4.56 -0.36
-4.52 -5.02 6.02 -0.01
-4.51 -6.13 5.99 -0.11
-4.50 -5.48 5.43 -0.79
-4.49 -5.98 4.53 -0.69
-4.48 -5.19 5.67 -0.53
-4.47 -4.81 6.22 0.94
-4.46 -5.81 6.13 0.93
-4.45 -5.76 6.63 -0.07
-4.44 -6.70 6.32 0.21
-4.43 -6.05 5.62 -0.42
-4.42 -6.16 5.96 -0.09
-4.41 -5.68 6.80 0.68
-4.40 -6.23 5.55 -0.00
-4.39 -5.39 6.15 0.08
-4.38 -4.99 7.14 0.47
-4.37 -6.76 5.04 -0.68
-4.36 -5.82 5.85 1.54
-4.35 -5.77 5.22 0.13
-4.34 -5.80 6.01 0.41
-4.33 -5.03 5.21 -0.92
-4.32 -5.39 5.66 -0.58
-4.31 -5.43 6.69 -0.44
-4.30 -5.55 5.39 -0.50
-4.29 -5.18 5.35 0.34
-4.28 -6.44 6.71 0.25
-4.27 -5.28 6.04 0.43
-4.26 -5.45 7.23 2.25
-4.25 -4.71 5.76 -0.30
-4.24 -5.76 6.29 0.32
-4.23 -5.38 6.09 -0.08
-4.22 -5.46 6.32 0.70
-4.21 -6.29 5.83 -0.11
-4.20 -6.10 5.96 -0.76
-4.19 -4.57 6.19 -0.48
-4.18 -5.98 5.82 -0.75
-4.17 -5.27 6.36 -0.11
-4.16 -6.27 6.19 -1.92
-4.15 -5.02 5.72 0.73
-4.14 -6.62 6.69 1.18
-4.13 -5.86 5.22 1.17
-4.12 -5.33 5.79 -1.37
-4.11 -5.42 6.22 1.00
-4.10 -6.03 5.66 -0.63
-4.09 -5.44 6.03 1.06
-4.08 -5.33 5.79 -0.37
-4.07 -5.22 5.64 -0.34
-4.06 -5.09 4.65 1.38
-4.05 -5.63 5.92 0.73
-4.04 -5.23 5.04 -1.05
-4.03 -4.84 5.69 -0.45
-4.02 -6.51 6.20 0.03
-4.01 -5.56 5.38 -0.58
-4.00 -4.53 5.23 -0.31
-3.99 -5.73 6.05 0.72
-3.98 -5.91 5.16 0.16
-3.97 -5.69 5.07 -0.19
-3.96 -5.86 5.52 0.85
-3.95 -5.04 5.72 1.10
-3.94 -4.79 6.34 0.35
-3.93 -5.87 5.37 -1.47
-3.92 -5.18 5.76 1.54
-3.91 -5.02 5.75 0.30
-3.90 -5.48 6.70 -0.03
-3.89 -5.15 5.94 -0.20
-3.88 -5.54 5.65 -0.97
-3.87 -5.56 6.00 0.12
-3.86 -4.73 5.56 -0.62
-3.85 -5.02 7.11 0.96
-3.84 -6.04 6.52 1.09
-3.83 -5.71 6.26 0.29
-3.82 -5.30 4.60 -0.68
-3.81 -5.11 4.71 0.93
-3.80 -5.77 5.64 1.54
-3.79 -6.00 5.39 0.05
-3.78 -5.25 6.06 0.30
-3.77 -5.71 5.70 0.21
-3.76 -4.94 4.87 1.53
-3.75 -4.71 5.35 0.66
-3.74 -5.42 4.90 -0.22
-3.73 -4.29 5.44 -0.41
-3.72 -5.59 5.80 0.62
-3.71 -5.51 6.37 1.64
-3.70 -5.21 6.14 0.90
-3.69 -4.73 5.26 -0.43
-3.68 -4.95 5.99 -0.44
-3.67 -5.33 5.23 -0.16
-3.66 -5.66 5.10 0.36
-3.65 -5.21 5.80 0.79
-3.64 -5.81 5.88 -1.37
-3.63 -4.76 6.85 -0.03
-3.62 -3.86 5.22 1.20
-3.61 -4.54 5.98 1.65
-3.60 -4.78 4.34 0.52
-3.59 -6.06 5.74 -1.39
-3.58 -5.40 6.53 -0.32
-3.57 -4.99 6.13 -1.14
-3.56 -5.08 5.54 -1.72
-3.55 -4.83 5.54 1.29
-3.54 -3.90 5.21 2.14
-3.53 -4.73 5.46 -0.52
-3.52 -5.27 5.82 -1.91
-3.51 -4.83 5.76 -0.22
-3.50 -4.08 5.80 -0.13
-3.49 -4.74 6.05 -0.17
-3.48 -4.86 4.68 0.13
-3.47 -4.06 5.41 0.55
-3.46 -4.51 6.28 0.33
-3.45 -5.20 5.82 1.70
-3.44 -4.11 5.71 -0.02
-3.43 -3.99 5.59 -0.40
-3.42 -4.67 5.94 0.71
-3.41 -5.56 5.71 -0.28
-3.40 -5.04 5.57 0.67
-3.39 -5.63 6.18 -1.13
-3.38 -4.89 5.82 -0.87
-3.37 -5.61 5.16 -0.72
-3.36 -5.27 5.51 -0.04
-3.35 -4.99 5.71 1.11
-3.34 -4.78 6.14 -1.16
-3.33 -4.72 5.75 0.54
-3.32 -4.50 5.26 0.45
-3.31 -4.73 4.83 1.91
-3.30 -5.41 5.51 -0.85
-3.29 -4.80 4.97 0.64
-3.28 -4.73 6.49 -0.77
-3.27 -5.02 5.59 -0.54
-3.26 -5.15 5.22 1.07
-3.25 -4.06 5.98 0.89
-3.24 -5.51 5.34 1.87
-3.23 -5.34 5.40 1.01
-3.22 -4.62 5.55 0.46
-3.21 -5.55 6.24 -0.04
-3.20 -4.94 5.53 0.10
-3.19 -3.94 5.78 0.02
-3.18 -5.68 5.81 0.53
-3.17 -4.14 5.15 0.89
-3.16 -4.26 5.63 0.33
-3.15 -5.06 5.77 -1.52
-3.14 -4.31 5.75 -0.26
-3.13 -4.37 4.94 -0.64
-3.12 -4.33 5.66 0.63
-3.11 -5.17 5.83 -0.20
-3.10 -4.82 4.77 0.08
-3.09 -4.27 5.18 -0.63
-3.08 -5.16 6.15 0.54
-3.07 -4.78 5.41 0.03
-3.06 -5.05 5.63 1.14
-3.05 -5.00 5.96 -1.89
-3.04 -3.83 4.45 0.62
-3.03 -4.16 5.99 0.79
-3.02 -5.23 5.36 -0.89
-3.01 -4.32 5.41 -0.77
-3.00 -4.89 5.81 -0.45
-2.99 -4.10 5.50 -0.76
-2.98 -4.90 5.53 0.73
-2.97 -4.74 5.58 -0.63
-2.96 -4.18 4.59 -0.01
-2.95 -4.59 5.76 -1.14
-2.94 -4.24 6.18 -0.15
-2.93 -3.96 4.48 -1.18
-2.92 -4.79 5.34 2.67
-2.91 -4.35 5.88 -0.22
-2.90 -3.89 6.09 0.17
-2.89 -4.46 4.46 -0.21
-2.88 -3.95 5.20 1.99
-2.87 -3.51 5.48 -0.12
-2.86 -3.73 5.70 -0.61
-2.85 -4.48 4.58 -0.81
-2.84 -4.19 5.76 -0.67
-2.83 -5.45 4.56 -2.24
-2.82 -3.86 4.55 2.24
-2.81 -4.89 5.18 -0.21
-2.80 -4.54 5.97 0.43
-2.79 -3.70 4.69 0.21
-2.78 -4.51 5.64 1.49
-2.77 -4.79 5.50 -0.73
-2.76 -4.96 5.55 0.21
-2.75 -3.48 5.71 -2.54
-2.74 -4.36 6.09 2.25
-2.73 -4.95 5.31 0.09
-2.72 -4.82 6.96 0.76
-2.71 -4.13 5.66 -1.25
-2.70 -3.28 5.28 -1.78
-2.69 -3.77 6.22 -0.84
-2.68 -4.86 6.31 0.74
-2.67 -3.96 6.21 -0.40
-2.66 -4.21 5.31 -0.29
-2.65 -3.98 6.31 0.40
-2.64 -4.90 5.91 -0.35
-2.63 -5.47 5.77 -0.49
-2.62 -4.89 5.61 0.07
-2.61 -4.44 5.73 -0.49
-2.60 -3.85 6.10 -0.44
-2.59 -4.12 5.60 0.16
-2.58 -3.70 5.16 1.70
-2.57 -4.70 5.45 0.19
-2.56 -4.25 5.62 -0.87
-2.55 -3.57 5.39 0.84
-2.54 -4.46 5.84 -0.10
-2.53 -4.77 5.44 -0.27
-2.52 -4.90 5.68 -0.46
-2.51 -4.50 6.37 0.53
-2.50 -3.84 5.64 -0.13
-2.49 -3.45 5.19 -1.04
-2.48 -3.22 5.46 -1.58
-2.47 -4.20 5.30 -1.79
-2.46 -3.61 5.28 0.03
-2.45 -3.82 4.90 0.75
-2.44 -4.27 5.10 -1.15
-2.43 -3.97 6.31 0.38
-2.42 -4.59 5.88 0.54
-2.41 -3.66 5.15 0.17
-2.40 -3.66 5.30 -2.10
-2.39 -4.48 4.84 -1.74
-2.38 -4.12 5.54 1.27
-2.37 -4.28 4.72 -0.76
-2.36 -4.54 5.66 -1.24
-2.35 -4.38 5.38 0.35
-2.34 -3.22 5.87 -1.51
-2.33 -3.60 6.22 0.03
-2.32 -3.71 4.70 0.97
-2.31 -3.47 4.95 0.51
-2.30 -4.41 5.48 0.05
-2.29 -4.54 5.74 0.26
-2.28 -4.08 5.00 0.92
-2.27 -4.53 5.54 1.10
-2.26 -3.98 5.04 -1.01
-2.25 -3.64 4.81 1.38
-2.24 -3.58 5.72 -0.30
-2.23 -4.11 5.25 0.14
-2.22 -3.79 5.16 -2.29
-2.21 -3.56 6.10 0.31
-2.20 -3.58 5.26 -0.55
-2.19 -3.56 4.63 -0.46
-2.18 -3.48 4.90 0.12
-2.17 -4.37 5.68 -0.12
-2.16 -2.83 6.26 -2.32
-2.15 -3.81 5.09 2.20
-2.14 -3.83 5.30 -3.04
-2.13 -4.17 6.13 -0.41
-2.12 -4.43 5.76 0.89
-2.11 -3.69 5.02 -0.58
-2.10 -4.12 5.60 -0.16
-2.09 -3.78 4.97 0.27
-2.08 -3.21 5.55 -2.79
-2.07 -3.55 5.60 1.72
-2.06 -4.00 6.15 -1.14
-2.05 -3.30 4.99 0.57
-2.04 -3.51 6.51 -0.38
-2.03 -4.77 5.72 1.55
-2.02 -2.79 5.13 0.06
-2.01 -4.39 6.11 -1.38
-2.00 -3.41 4.74 0.41
-1.99 -3.36 4.76 -0.83
-1.98 -3.89 5.61 0.22
-1.97 -3.54 4.92 0.94
-1.96 -4.02 6.11 -0.47
-1.95 -3.80 6.01 -2.00
-1.94 -3.21 5.87 1.29
-1.93 -4.39 6.30 -0.99
-1.92 -3.76 5.93 0.91
-1.91 -4.39 4.95 1.60
-1.90 -2.71 5.59 -1.47
-1.89 -3.65 5.56 0.68
-1.88 -4.13 5.79 0.34
-1.87 -3.26 5.45 -0.49
-1.86 -4.11 4.72 -2.27
-1.85 -3.88 5.35 -1.05
-1.84 -3.84 4.84 1.75
-1.83 -3.39 5.81 -1.15
-1.82 -3.56 6.11 -1.25
-1.81 -2.90 5.06 0.34
-1.80 -4.02 5.95 0.02
-1.79 -3.23 5.21 2.17
-1.78 -3.33 4.80 -1.45
-1.77 -2.24 4.57 0.63
-1.76 -3.22 5.43 0.98
-1.75 -3.82 5.15 -0.80
-1.74 -2.93 5.65 0.39
-1.73 -3.01 5.25 -0.87
-1.72 -3.95 5.50 -0.58
-1.71 -4.76 5.67 0.52
-1.70 -3.86 6.24 2.16
-1.69 -3.40 5.32 -1.11
-1.68 -3.91 4.30 -0.10
-1.67 -3.90 5.45 1.32
-1.66 -4.07 5.93 1.59
-1.65 -3.66 5.65 -0.38
-1.64 -3.72 5.99 -0.28
-1.63 -3.55 4.66 -0.04
-1.62 -2.53 4.78 -0.94
-1.61 -2.33 5.10 -0.55
-1.60 -2.16 5.35 -0.09
-1.59 -3.05 5.57 -0.28
-1.58 -4.03 4.92 -0.74
-1.57 -3.38 5.05 -0.90
-1.56 -3.35 5.47 -0.67
-1.55 -3.26 5.78 -0.21
-1.54 -3.85 5.39 -0.06
-1.53 -2.52 6.21 -0.28
-1.52 -3.26 5.63 0.10
-1.51 -3.36 5.73 -1.05
-1.50 -2.95 5.55 0.25
-1.49 -3.54 6.01 1.47
-1.48 -3.64 5.62 -1.11
-1.47 -3.36 5.54 0.73
-1.46 -3.25 4.79 -0.53
-1.45 -3.59 5.80 0.82
-1.44 -3.48 5.46 0.96
-1.43 -3.94 5.06 -0.64
-1.42 -3.79 4.54 0.26
-1.41 -3.82 5.28 -0.35
-1.40 -2.79 4.37 0.53
-1.39 -3.22 4.99 -0.13
-1.38 -4.23 5.24 0.64
-1.37 -3.31 4.53 -0.08
-1.36 -2.75 5.29 -0.99
-1.35 -2.90 5.41 -0.03
-1.34 -2.30 5.69 -0.03
-1.33 -3.73 5.87 -2.82
-1.32 -3.91 5.70 -1.12
-1.31 -2.82 5.17 -0.95
-1.30 -2.84 4.74 0.72
-1.29 -2.60 4.77 -0.26
-1.28 -4.04 5.73 0.98
-1.27 -2.86 4.70 -1.37
-1.26 -2.99 5.22 0.00
-1.25 -3.25 5.20 2.76
-1.24 -2.77 5.47 -0.57
-1.23 -2.71 5.17 0.85
-1.22 -4.27 4.23 1.13
-1.21 -4.00 5.30 -1.24
-1.20 -2.93 4.82 1.16
-1.19 -3.20 5.87 0.26
-1.18 -3.30 4.82 -0.89
-1.17 -3.03 6.16 -0.62
-1.16 -4.04 5.48 -0.47
-1.15 -2.77 5.16 1.40
-1.14 -2.72 4.83 1.83
-1.13 -2.86 5.91 -1.35
-1.12 -3.17 5.55 1.54
-1.11 -3.05 5.49 -0.41
-1.10 -3.65 4.81 2.18
-1.09 -3.44 4.96 0.73
-1.08 -3.30 5.65 1.68
-1.07 -3.45 5.24 1.26
-1.06 -3.01 4.47 -0.23
-1.05 -3.26 6.28 -2.60
-1.04 -2.90 5.31 0.38
-1.03 -3.49 5.22 -0.56
-1.02 -3.57 6.36 -0.39
-1.01 -2.81 5.20 -1.00
-1.00 -2.37 5.61 1.94
-0.99 -2.79 5.35 -0.07
-0.98 -2.83 5.53 -1.46
-0.97 -3.04 6.04 1.53
-0.96 -2.49 5.48 0.28
-0.95 -2.23 5.59 0.52
-0.94 -2.36 4.68 0.06
-0.93 -2.59 4.93 0.58
-0.92 -3.03 5.67 -1.53
-0.91 -3.42 5.55 -0.06
-0.90 -2.54 5.61 -1.40
-0.89 -2.27 6.12 -0.28
-0.88 -2.57 5.15 0.20
-0.87 -1.73 5.11 -0.02
-0.86 -2.97 4.40 -1.11
-0.85 -2.69 6.10 -1.92
-0.84 -1.94 6.13 -2.85
-0.83 -2.63 5.41 -0.64
-0.82 -2.25 5.79 0.54
-0.81 -2.73 5.38 -0.75
-0.80 -1.80 4.86 -1.19
-0.79 -2.86 5.25 0.12
-0.78 -3.42 4.06 0.74
-0.77 -1.98 6.07 -0.86
-0.76 -3.49 4.58 -0.14
-0.75 -2.56 5.24 -1.32
-0.74 -2.43 5.27 -0.95
-0.73 -3.19 5.30 -0.98
-0.72 -3.05 5.20 0.84
-0.71 -2.15 5.20 0.56
-0.70 -2.38 5.36 0.89
-0.69 -2.58 6.16 -0.38
-0.68 -2.53 5.08 0.05
-0.67 -3.18 5.32 0.42
-0.66 -2.10 4.67 0.81
-0.65 -2.73 4.11 -1.03
-0.64 -3.35 4.76 0.92
-0.63 -2.16 4.80 -0.43
-0.62 -2.32 4.56 0.33
-0.61 -2.39 5.15 -2.02
-0.60 -1.77 5.09 0.95
-0.59 -2.18 5.36 -0.65
-0.58 -1.92 4.58 -0.71
-0.57 -1.81 5.53 0.58
-0.56 -3.34 5.40 -1.71
-0.55 -2.66 4.59 0.88
-0.54 -2.56 4.98 1.26
-0.53 -2.27 4.61 2.01
-0.52 -2.46 3.99 0.54
-0.51 -2.97 5.59 0.53
-0.50 -3.38 4.69 0.05
-0.49 -2.71 4.42 0.43
-0.48 -2.26 4.86 -0.06
-0.47 -2.42 4.90 -0.03
-0.46 -2.70 5.49 -0.66
-0.45 -2.18 4.67 -1.18
-0.44 -3.03 4.88 0.04
-0.43 -1.96 5.44 -1.53
-0.42 -2.82 5.60 -0.15
-0.41 -3.52 5.08 0.00
-0.40 -2.58 4.88 1.31
-0.39 -2.05 5.17 0.58
-0.38 -2.30 4.70 -0.40
-0.37 -1.70 5.01 -0.69
-0.36 -1.30 4.27 0.32
-0.35 -2.42 5.13 -0.42
-0.34 -1.84 4.66 0.86
-0.33 -2.34 5.68 1.72
-0.32 -2.35 5.03 -0.53
-0.31 -2.35 5.59 0.16
-0.30 -2.39 5.67 -1.09
-0.29 -1.51 5.23 0.65
-0.28 -2.69 5.30 0.15
-0.27 -2.48 4.54 0.29
-0.26 -1.88 5.67 1.84
-0.25 -2.31 5.63 -0.59
-0.24 -1.79 4.76 -0.47
-0.23 -2.48 5.25 -0.68
-0.22 -2.35 6.02 -0.83
-0.21 -1.99 4.87 0.79
-0.20 -2.30 5.07 1.06
-0.19 -1.84 4.53 -0.84
-0.18 -2.32 4.57 -0.02
-0.17 -2.35 5.66 -0.25
-0.16 -2.23 6.20 0.80
-0.15 -2.35 4.50 -0.27
-0.14 -1.95 4.77 -1.07
-0.13 -2.52 5.35 -1.14
-0.12 -2.77 4.76 0.44
-0.11 -2.68 4.86 -1.90
-0.10 -2.13 5.27 0.74
-0.09 -2.50 5.06 0.62
-0.08 -2.66 5.51 0.65
-0.07 -2.82 4.97 0.49
-0.06 -2.16 5.12 0.10
-0.05 -2.32 4.73 0.75
-0.04 -1.57 4.98 0.47
-0.03 -2.16 5.21 -0.71
-0.02 -2.51 4.75 -0.72
-0.01 -2.56 5.08 1.73
0.00 -1.81 4.50 -0.42
0.01 -2.25 5.36 -0.68
0.02 -1.74 4.82 -0.81
0.03 -2.59 5.33 0.28
0.04 -2.51 4.38 0.91
0.05 -1.60 5.16 1.29
0.06 -1.65 4.00 -0.73
0.07 -1.78 5.68 0.94
0.08 -0.84 5.38 0.12
0.09 -1.58 4.37 -0.49
0.10 -1.85 5.23 -0.82
0.11 -1.93 4.47 1.09
0.12 -1.59 4.22 -0.47
0.13 -3.10 5.34 0.51
0.14 -1.48 4.61 0.63
0.15 -1.66 5.15 0.59
0.16 -1.88 5.75 0.89
0.17 -1.68 4.70 0.97
0.18 -2.40 4.36 1.98
0.19 -2.55 6.02 -1.06
0.20 -1.84 5.61 0.32
0.21 -0.74 5.20 -1.46
0.22 -1.90 5.78 0.26
0.23 -1.43 4.30 -0.44
0.24 -2.19 5.10 -0.26
0.25 -2.14 4.78 -0.02
0.26 -1.86 4.33 1.02
0.27 -1.89 4.37 -0.12
0.28 -1.97 5.45 0.23
0.29 -1.41 5.35 -0.63
0.30 -1.92 5.03 -0.50
0.31 -2.19 4.72 0.20
0.32 -1.47 5.08 -1.52
0.33 -1.65 5.34 0.53
0.34 -2.25 4.55 -0.56
0.35 -0.86 5.01 0.77
0.36 -2.29 6.00 -0.61
0.37 -1.10 4.14 -0.07
0.38 -0.66 4.35 -1.66
0.39 -1.62 5.24 0.20
0.40 -1.78 4.25 0.91
0.41 -1.99 4.82 -1.27
0.42 -2.31 5.50 -2.05
0.43 -2.34 4.55 -0.12
0.44 -2.13 4.65 -1.06
0.45 -2.34 4.80 -1.03
0.46 -1.78 4.51 -2.75
0.47 -1.79 4.78 0.23
0.48 -1.54 5.67 0.36
0.49 -1.97 4.92 -1.56
0.50 -1.51 4.05 0.70
0.51 -1.25 5.18 -0.40
0.52 -0.56 4.93 -1.63
0.53 -0.93 5.91 -1.13
0.54 -1.39 5.73 0.80
0.55 -1.05 5.42 0.30
0.56 -0.99 5.82 0.95
0.57 -2.10 4.97 -1.30
0.58 -1.21 4.18 0.03
0.59 -1.65 5.47 -1.64
0.60 -1.69 4.14 2.43
0.61 -1.96 5.26 -0.67
0.62 -1.20 4.99 -0.04
0.63 -1.05 5.27 0.52
0.64 0.05 4.96 -1.41
0.65 -1.45 5.24 2.72
0.66 -1.95 5.30 0.71
0.67 -1.24 4.13 -0.09
0.68 -0.75 5.07 -0.59
0.69 -1.43 3.86 0.19
0.70 -2.10 4.99 -0.45
0.71 -1.52 4.75 0.99
0.72 -1.63 4.88 -0.99
0.73 -0.96 5.31 0.20
0.74 -1.15 4.77 -0.97
0.75 -0.63 4.84 0.96
0.76 -0.92 4.36 0.30
0.77 -1.18 5.31 -0.47
0.78 -1.14 4.20 -0.19
0.79 -0.34 5.01 -1.87
0.80 -1.69 4.81 0.21
0.81 -0.94 5.32 -0.10
0.82 -1.16 5.11 -1.29
0.83 -0.91 4.51 -0.50
0.84 -1.65 5.08 0.09
0.85 -0.97 4.36 -2.49
0.86 -0.92 4.46 2.36
0.87 -1.84 4.64 -1.70
0.88 -0.94 4.97 -1.39
0.89 -1.24 4.76 -0.10
0.90 -0.52 4.55 -0.96
0.91 -1.71 4.89 0.88
0.92 -0.89 4.72 1.72
0.93 -1.73 4.92 -0.84
0.94 -1.21 5.43 -0.25
0.95 -1.28 5.17 -1.29
0.96 -0.98 4.56 0.07
0.97 -0.57 5.04 1.60
0.98 -0.95 4.60 -1.30
0.99 -1.18 4.84 -0.82
1.00 -1.33 4.12 1.27
1.01 -1.70 4.70 -2.09
1.02 -1.74 5.15 0.53
1.03 -0.77 4.64 0.17
1.04 -1.17 6.02 1.11
1.05 -0.26 5.46 0.07
1.06 -1.72 4.88 -0.01
1.07 0.15 4.81 1.92
1.08 -0.57 3.26 0.76
1.09 -0.89 5.73 -0.98
1.10 -0.38 5.01 -2.04
1.11 -0.36 4.95 0.18
1.12 -1.57 4.38 -1.41
1.13 -1.02 3.83 -0.79
1.14 -1.18 4.72 0.70
1.15 -1.23 5.74 -0.07
1.16 -1.37 5.58 0.58
1.17 -0.65 4.60 -1.02
1.18 -0.77 4.83 2.64
1.19 -1.04 5.12 0.48
1.20 -0.79 5.10 0.14
1.21 -1.27 4.51 -1.46
1.22 -1.11 5.84 0.67
1.23 -0.49 4.36 1.84
1.24 -1.47 4.56 0.69
1.25 -1.50 4.51 -0.41
1.26 -1.25 5.09 0.51
1.27 -0.24 5.46 0.53
1.28 -0.67 5.12 1.25
1.29 -1.52 4.00 0.05
1.30 -1.16 3.18 1.07
1.31 -0.58 3.97 0.40
1.32 -0.82 5.47 0.92
1.33 -0.71 4.01 0.99
1.34 0.09 4.18 0.41
1.35 -0.84 4.06 0.84
1.36 -0.40 4.57 -0.67
1.37 -0.65 4.42 -1.12
1.38 -1.76 4.87 -0.54
1.39 -1.36 5.66 0.46
1.40 -0.86 5.55 -0.71
1.41 -0.04 5.65 -0.83
1.42 -1.62 4.38 0.03
1.43 -1.20 4.88 -1.32
1.44 -1.25 4.32 -0.77
1.45 -1.58 4.75 -1.40
1.46 -1.34 4.03 -0.28
1.47 -0.26 5.41 0.48
1.48 -1.12 4.78 0.51
1.49 -0.85 4.97 0.62
1.50 -1.59 4.15 -2.02
1.51 -0.17 5.06 0.65
1.52 0.24 5.50 0.02
1.53 -1.06 4.54 0.67
1.54 -1.18 5.29 -0.81
1.55 -0.43 4.68 -0.56
1.56 -1.08 4.18 -0.91
1.57 -0.55 5.10 -0.94
1.58 -1.97 5.59 -0.98
1.59 -1.06 4.75 -0.09
1.60 -0.37 4.94 -0.97
1.61 -0.19 4.90 -0.09
1.62 -0.51 5.20 -1.00
1.63 -0.52 4.19 1.23
1.64 -1.24 5.09 1.58
1.65 -0.46 5.24 -0.75
1.66 -1.21 4.85 1.04
1.67 -0.62 4.80 -0.94
1.68 -0.04 4.60 -1.36
1.69 -0.45 3.73 -0.76
1.70 -0.53 4.55 0.33
1.71 -0.48 4.42 -0.96
1.72 -0.37 5.43 0.29
1.73 -0.06 4.93 0.28
1.74 -0.02 3.96 0.50
1.75 -0.83 4.54 -1.46
1.76 -1.33 4.58 1.30
1.77 -0.04 5.60 1.21
1.78 -1.29 5.26 -1.86
1.79 -0.69 4.37 1.52
1.80 -0.40 4.82 -1.26
1.81 -0.15 3.72 -0.37
1.82 -1.04 4.85 -0.43
1.83 -1.14 4.88 -0.11
1.84 -1.07 4.21 -0.49
1.85 -0.67 4.48 -0.87
1.86 0.45 4.10 0.11
1.87 -0.58 5.53 0.87
1.88 -0.38 4.34 1.80
1.89 0.17 4.14 0.13
1.90 -0.12 4.16 1.41
1.91 -0.38 5.14 0.51
1.92 -0.60 4.98 -0.17
1.93 -0.96 4.96 1.62
1.94 -1.03 4.76 0.34
1.95 -0.48 4.60 1.10
1.96 -1.09 4.65 -0.21
1.97 -0.26 4.76 1.99
1.98 -0.89 5.04 1.11
1.99 -0.70 5.15 -0.16
2.00 -0.58 3.96 0.49
2.01 -0.58 4.15 2.02
2.02 0.76 4.30 0.30
2.03 -0.26 4.06 -0.11
2.04 -0.15 4.75 1.36
2.05 -0.86 5.23 -2.58
2.06 -0.00 3.84 -0.34
2.07 -0.13 4.38 -0.07
2.08 -0.50 4.91 0.93
2.09 -0.23 4.85 1.34
2.10 -0.70 4.34 -1.32
2.11 -0.74 4.51 0.42
2.12 -0.66 5.22 0.84
2.13 -0.18 4.31 -1.03
2.14 -0.56 4.49 0.25
2.15 0.00 5.03 1.20
2.16 -0.33 4.61 0.09
2.17 0.69 4.43 0.73
2.18 0.49 4.21 -0.64
2.19 0.58 4.50 -0.43
2.20 0.27 4.08 -0.98
2.21 -0.14 4.74 -2.86
2.22 -0.23 4.75 0.54
2.23 -0.64 4.93 0.33
2.24 -0.89 4.65 0.67
2.25 0.15 4.49 0.53
2.26 -0.28 4.92 -1.33
2.27 0.14 5.15 0.29
2.28 -0.04 4.77 0.56
2.29 0.27 5.33 -0.11
2.30 -0.20 5.13 -0.07
2.31 -0.51 4.96 1.08
2.32 0.17 4.34 1.98
2.33 -0.22 4.92 -1.41
2.34 -0.43 3.56 1.36
2.35 0.28 5.32 -0.32
2.36 0.47 4.99 -0.60
2.37 0.07 4.83 -0.91
2.38 -0.27 3.71 1.84
2.39 -1.08 3.95 0.64
2.40 -0.19 4.36 -0.70
2.41 -0.56 5.06 0.47
2.42 -0.30 5.18 -2.05
2.43 -0.01 4.78 1.04
2.44 1.27 4.32 -0.57
2.45 -0.05 4.06 0.44
2.46 -0.21 4.66 -0.18
2.47 -0.42 4.24 1.28
2.48 -0.47 4.34 -0.25
2.49 -0.26 3.99 0.81
2.50 0.75 4.47 -1.14
2.51 -0.81 4.57 -0.17
2.52 -0.14 5.14 0.03
2.53 -0.42 4.19 1.88
2.54 0.63 3.94 0.39
2.55 0.89 4.88 1.68
2.56 -0.03 4.55 -0.80
2.57 -0.39 4.83 0.10
2.58 -0.56 4.79 0.27
2.59 0.90 3.79 0.88
2.60 -0.09 3.98 -0.21
2.61 0.68 3.78 -0.48
2.62 0.73 4.01 1.42
2.63 -0.44 4.37 -1.99
2.64 0.74 3.60 -0.01
2.65 -0.02 5.26 -0.20
2.66 0.03 5.07 -0.19
2.67 0.13 4.00 1.67
2.68 -1.22 4.83 1.32
2.69 0.47 3.78 0.48
2.70 -0.86 4.52 -1.83
2.71 0.05 4.00 -0.87
2.72 0.11 4.11 -1.53
2.73 0.54 4.19 -0.40
2.74 -0.36 3.90 1.32
2.75 -0.53 3.75 -1.26
2.76 -0.43 4.92 0.10
2.77 -0.02 4.67 -1.41
2.78 0.27 4.97 0.05
2.79 1.01 4.58 0.07
2.80 0.75 4.62 -0.06
2.81 0.42 4.59 0.55
2.82 0.81 4.28 -2.86
2.83 0.01 4.56 -0.04
2.84 0.16 5.08 -1.09
2.85 0.81 4.28 -1.16
2.86 0.45 4.31 1.82
2.87 0.82 4.01 2.35
2.88 0.68 4.10 0.80
2.89 0.83 3.59 -0.59
2.90 0.61 3.89 0.13
2.91 0.96 3.80 -0.80
2.92 0.39 3.85 0.16
2.93 1.02 4.49 1.79
2.94 -0.00 4.20 0.84
2.95 -0.08 4.59 0.53
2.96 0.55 4.80 0.82
2.97 0.49 4.42 0.45
2.98 0.71 3.42 0.45
2.99 -0.42 4.57 0.94
3.00 0.49 4.53 0.82
3.01 0.72 4.59 1.21
3.02 0.36 3.97 0.54
3.03 0.99 4.67 -1.82
3.04 0.38 4.36 -1.33
3.05 -0.23 4.33 0.25
3.06 0.81 4.51 0.66
3.07 0.82 4.04 -1.48
3.08 0.63 5.07 -1.02
3.09 0.54 3.97 1.13
3.10 0.70 3.50 1.23
3.11 1.06 3.77 -0.75
3.12 0.94 3.77 0.53
3.13 0.17 4.69 0.50
3.14 1.35 4.22 0.96
3.15 1.22 4.71 0.02
3.16 0.54 3.60 -0.42
3.17 0.63 4.50 0.34
3.18 0.46 4.56 -1.38
3.19 0.68 5.08 -0.25
3.20 0.49 4.73 -0.08
3.21 0.95 4.33 -0.43
3.22 0.78 4.34 1.26
3.23 0.97 5.30 0.17
3.24 0.57 4.45 -1.28
3.25 0.74 4.39 -1.22
3.26 0.95 4.63 0.63
3.27 1.91 4.78 -1.33
3.28 0.23 4.51 -2.46
3.29 0.59 4.45 0.99
3.30 0.96 4.10 -0.48
3.31 0.86 4.45 0.63
3.32 0.84 4.36 -0.56
3.33 2.55 3.39 0.03
3.34 0.82 4.46 -0.05
3.35 0.44 3.72 -0.63
3.36 0.60 3.96 -0.42
3.37 0.66 5.03 0.74
3.38 1.37 4.10 -0.50
3.39 1.11 4.15 -0.66
3.40 0.48 5.20 -0.87
3.41 1.03 4.30 0.83
3.42 0.79 4.12 0.38
3.43 0.67 4.51 -0.19
3.44 1.37 4.30 2.62
3.45 0.61 4.41 0.41
3.46 1.30 3.22 0.41
3.47 1.20 4.94 -1.35
3.48 0.87 4.96 0.06
3.49 0.93 3.87 1.23
3.50 0.99 4.57 0.13
3.51 1.16 4.28 0.21
3.52 1.12 3.95 0.82
3.53 2.11 4.84 -1.54
3.54 0.87 3.62 0.13
3.55 0.80 4.11 0.25
3.56 1.83 4.02 0.07
3.57 1.60 3.78 -0.05
3.58 0.63 4.24 0.79
3.59 1.18 4.20 0.08
3.60 0.98 4.08 0.47
3.61 1.14 4.70 0.30
3.62 1.30 4.28 1.35
3.63 1.31 4.61 0.57
3.64 0.98 4.43 -1.58
3.65 1.59 4.79 0.74
3.66 1.28 5.12 -0.48
3.67 1.78 5.10 -1.91
3.68 1.14 3.40 2.31
3.69 1.14 4.47 -0.73
3.70 1.19 5.31 -0.57
3.71 1.04 3.91 -0.35
3.72 1.06 4.40 -0.30
3.73 1.31 5.09 0.82
3.74 1.73 3.60 -0.88
3.75 1.37 4.52 0.94
3.76 1.11 4.41 1.29
3.77 2.66 5.21 -0.72
3.78 0.81 4.32 0.27
3.79 1.37 4.19 2.23
3.80 1.99 4.49 0.72
3.81 1.05 4.62 -0.05
3.82 1.06 4.06 -1.42
3.83 0.90 4.40 1.68
3.84 2.52 4.46 -1.09
3.85 1.80 4.55 -0.35
3.86 1.73 4.47 0.20
3.87 1.96 3.75 -0.73
3.88 1.41 4.56 -2.10
3.89 1.65 4.06 -0.25
3.90 1.48 4.64 -0.91
3.91 1.40 4.03 0.61
3.92 0.68 4.14 0.24
3.93 1.23 3.23 1.02
3.94 0.95 4.99 0.22
3.95 1.02 4.52 2.11
3.96 0.77 3.55 -0.27
3.97 1.47 4.50 -1.68
3.98 0.92 3.48 0.17
3.99 1.93 3.75 0.11
4.00 1.76 4.41 -0.23
4.01 2.21 3.34 -1.38
4.02 1.88 3.72 -0.71
4.03 0.83 4.19 -0.36
4.04 1.10 4.54 0.57
4.05 1.14 3.46 0.41
4.06 0.95 3.72 -0.48
4.07 1.04 4.21 -1.24
4.08 1.10 4.23 -1.40
4.09 0.62 3.36 0.93
4.10 0.91 4.96 -0.07
4.11 1.29 4.53 0.62
4.12 1.37 4.29 -0.43
4.13 2.68 3.12 0.38
4.14 1.46 4.08 0.40
4.15 2.04 4.46 0.32
4.16 1.60 4.42 -0.94
4.17 1.31 4.23 -1.21
4.18 1.36 3.52 1.23
4.19 1.69 4.54 -0.88
4.20 1.90 4.40 1.71
4.21 1.21 3.62 -0.69
4.22 2.16 4.78 -0.42
4.23 2.82 4.07 1.03
4.24 2.28 3.98 -0.98
4.25 0.86 4.29 -0.38
4.26 1.46 3.95 -1.41
4.27 2.35 4.73 -0.31
4.28 1.76 3.58 0.88
4.29 1.58 5.13 0.28
4.30 0.68 4.56 0.61
4.31 1.73 3.55 1.12
4.32 1.06 3.69 -1.39
4.33 1.82 3.84 -0.51
4.34 1.57 3.50 2.14
4.35 1.98 3.32 0.64
4.36 2.06 5.02 0.47
4.37 2.37 3.87 0.33
4.38 1.90 3.15 0.60
4.39 1.17 4.74 0.65
4.40 0.42 3.94 -0.15
4.41 1.62 4.24 1.20
4.42 2.63 4.12 0.41
4.43 1.52 3.94 0.75
4.44 2.38 3.90 1.35
4.45 1.32 4.42 -0.93
4.46 1.82 5.00 -0.47
4.47 1.36 3.92 -0.74
4.48 2.05 4.06 1.42
4.49 1.77 3.87 -1.45
4.50 2.48 3.91 0.52
4.51 0.83 3.07 -1.95
4.52 1.96 4.17 0.17
4.53 2.17 3.78 -0.55
4.54 1.67 3.64 1.60
4.55 1.97 4.44 0.30
4.56 1.42 4.22 0.36
4.57 1.68 4.71 0.27
4.58 1.97 4.06 -0.47
4.59 2.18 3.90 -0.33
4.60 1.73 4.21 -0.59
4.61 2.32 4.45 -1.42
4.62 1.97 4.75 1.27
4.63 2.26 4.20 0.07
4.64 2.30 4.49 -0.47
4.65 1.75 4.43 -1.71
4.66 2.80 4.67 -0.42
4.67 2.12 3.66 -0.89
4.68 2.08 3.88 -0.82
4.69 1.56 4.58 -0.65
4.70 1.74 4.34 0.91
4.71 2.02 3.52 0.74
4.72 1.75 3.70 0.97
4.73 2.49 4.13 -1.94
4.74 2.32 4.91 -0.55
4.75 1.69 3.19 0.23
4.76 2.32 3.65 0.75
4.77 2.59 3.53 0.98
4.78 2.03 4.16 0.35
4.79 0.96 4.18 -0.38
4.80 1.80 3.80 -0.01
4.81 2.25 3.83 0.20
4.82 2.00 3.28 0.20
4.83 2.49 4.12 -0.51
4.84 2.29 3.41 0.24
4.85 2.41 3.88 0.47
4.86 2.62 4.14 -0.30
4.87 2.43 3.76 0.45
4.88 1.31 4.09 0.30
4.89 2.27 3.08 0.48
4.90 2.91 3.96 -0.17
4.91 1.62 4.04 -1.87
4.92 1.56 4.62 0.51
4.93 2.17 3.43 0.27
4.94 1.63 4.20 0.08
4.95 3.28 4.13 0.92
4.96 2.52 3.97 0.87
4.97 2.21 4.09 0.22
4.98 3.20 3.58 -1.27
4.99 2.88 4.79 1.22
5.00 2.41 5.06 -0.70
5.01 2.02 5.27 0.64
5.02 3.19 4.53 -0.84
5.03 2.11 4.02 0.46
5.04 1.81 4.27 -0.50
5.05 1.83 4.08 1.87
5.06 2.61 4.54 0.64
5.07 2.51 4.24 1.80
5.08 2.17 4.38 -1.34
5.09 2.41 3.43 -0.04
5.10 2.74 3.82 -1.27
5.11 2.43 2.90 -1.84
5.12 2.26 4.21 1.29
5.13 2.09 3.83 0.14
5.14 1.92 4.01 0.03
5.15 2.40 4.52 -0.17
5.16 2.59 3.45 1.10
5.17 2.02 3.48 -0.39
5.18 2.58 2.94 0.08
5.19 1.42 3.15 0.03
5.20 1.69 4.07 -0.49
5.21 2.07 4.55 -0.06
5.22 2.58 4.49 1.49
5.23 2.43 2.50 1.03
5.24 2.54 4.06 -2.44
5.25 1.90 4.24 -0.46
5.26 2.70 4.13 -0.06
5.27 2.79 4.23 0.00
5.28 3.77 3.69 1.37
5.29 2.87 4.55 -0.85
5.30 1.93 4.21 -0.94
5.31 2.26 4.06 -0.25
5.32 2.33 3.80 -1.36
5.33 2.15 3.25 -0.37
5.34 2.37 3.79 -0.92
5.35 2.85 3.52 0.10
5.36 2.92 2.90 1.08
5.37 2.34 3.66 0.68
5.38 2.95 4.28 -0.66
5.39 2.58 4.03 0.26
5.40 2.49 3.45 0.90
5.41 2.42 4.66 0.50
5.42 2.06 4.34 0.66
5.43 3.45 4.11 -0.06
5.44 2.57 4.73 -1.47
5.45 2.89 4.07 -0.88
5.46 3.04 4.11 1.62
5.47 2.71 3.96 1.09
5.48 2.60 3.76 1.16
5.49 3.58 4.13 0.62
5.50 2.81 3.45 0.30
5.51 2.74 4.91 -0.80
5.52 2.34 4.47 0.43
5.53 2.58 3.71 0.05
5.54 3.48 3.68 -2.33
5.55 1.56 4.13 1.73
5.56 3.26 4.49 1.45
5.57 2.07 3.73 -0.02
5.58 3.12 3.76 1.59
5.59 2.58 4.14 -0.62
5.60 3.90 4.56 -1.07
5.61 2.72 4.10 -0.66
5.62 2.29 2.65 -0.04
5.63 3.02 4.65 1.71
5.64 2.42 4.16 0.98
5.65 3.14 3.99 -0.46
5.66 2.22 3.51 -0.80
5.67 2.79 4.32 1.11
5.68 2.91 4.08 -0.13
5.69 2.87 4.20 -0.47
5.70 2.84 4.19 0.61
5.71 2.40 3.99 0.75
5.72 2.77 3.86 0.05
5.73 2.30 3.73 1.19
5.74 3.02 3.18 0.68
5.75 2.94 4.27 1.31
5.76 3.00 3.55 -0.93
5.77 2.96 4.94 1.44
5.78 2.71 5.13 -0.93
5.79 3.58 3.49 -0.70
5.80 2.72 3.32 0.01
5.81 2.57 4.74 1.12
5.82 2.94 3.35 -0.49
5.83 3.09 4.61 -0.10
5.84 2.81 4.12 -1.22
5.85 3.42 5.26 0.82
5.86 2.90 4.12 -0.88
5.87 3.50 4.05 0.26
5.88 4.02 3.86 -1.05
5.89 3.63 3.76 -1.99
5.90 3.25 4.25 -0.82
5.91 3.30 3.47 1.01
5.92 3.26 4.01 -0.65
5.93 2.87 3.80 -0.23
5.94 2.86 2.51 -0.44
5.95 3.66 4.42 -0.09
5.96 3.14 3.33 2.05
5.97 2.67 4.14 1.19
5.98 3.17 3.12 0.11
5.99 3.71 3.53 -0.35
6.00 3.07 3.52 0.98
6.01 3.53 3.58 -1.79
6.02 3.34 3.25 0.01
6.03 3.34 4.37 -1.05
6.04 2.37 4.91 -0.72
6.05 3.32 3.75 -0.13
6.06 3.46 3.31 0.45
6.07 4.02 4.13 -1.44
6.08 3.49 3.89 0.67
6.09 3.18 3.96 -0.90
6.10 2.82 3.41 -0.54
6.11 3.93 4.44 1.27
6.12 3.31 4.03 -1.88
6.13 3.96 3.22 -0.43
6.14 3.41 2.61 -0.45
6.15 3.99 3.24 1.26
6.16 2.76 3.40 -1.58
6.17 3.29 4.15 0.00
6.18 3.08 3.95 0.50
6.19 2.92 4.35 0.04
6.20 2.76 4.06 -0.43
6.21 3.16 3.86 0.47
6.22 3.54 3.57 -0.99
6.23 2.62 3.74 0.24
6.24 3.80 3.91 -0.79
6.25 2.57 2.99 0.26
6.26 3.03 4.01 -0.86
6.27 3.27 3.59 -0.49
6.28 3.31 4.58 0.06
6.29 4.41 3.92 0.80
6.30 3.32 3.84 -0.28
6.31 3.07 2.46 -1.23
6.32 2.79 3.58 0.48
6.33 2.16 3.68 0.38
6.34 3.44 4.01 0.77
6.35 3.91 3.98 0.33
6.36 3.74 2.71 -0.02
6.37 3.34 2.94 0.48
6.38 3.02 3.65 -1.82
6.39 3.86 3.27 0.70
6.40 3.41 4.35 0.53
6.41 3.37 2.93 0.14
6.42 3.45 3.37 -0.44
6.43 3.86 3.30 -0.50
6.44 3.57 4.69 0.02
6.45 3.63 3.30 0.75
6.46 3.78 2.95 0.65
6.47 3.57 4.53 -0.76
6.48 4.07 3.49 -0.05
6.49 3.51 3.72 0.82
6.50 3.42 2.51 -0.22
6.51 3.58 3.59 0.06
6.52 4.18 3.85 -0.81
6.53 4.00 3.65 -0.00
6.54 4.05 2.64 -1.67
6.55 3.62 3.85 -0.44
6.56 4.04 4.36 -0.14
6.57 3.98 4.24 4.64
6.58 4.30 3.89 -0.45
6.59 3.39 4.22 -0.53
6.60 3.46 3.41 -0.50
6.61 3.51 3.66 0.84
6.62 3.24 3.59 -1.42
6.63 4.03 2.20 -0.26
6.64 3.69 2.91 0.02
6.65 2.65 4.32 -0.46
6.66 3.54 3.40 0.56
6.67 3.67 3.82 1.55
6.68 3.79 4.30 -2.14
6.69 3.44 3.83 0.21
6.70 4.20 3.31 1.55
6.71 3.23 2.99 0.60
6.72 4.75 2.42 2.71
6.73 3.56 3.27 -1.25
6.74 3.89 3.50 0.21
6.75 3.85 3.53 0.57
6.76 3.83 3.62 0.91
6.77 3.87 3.42 1.40
6.78 3.83 3.69 1.84
6.79 3.29 4.00 -0.95
6.80 4.03 4.22 -0.09
6.81 2.97 2.62 0.08
6.82 3.73 3.97 -0.27
6.83 4.04 3.50 0.11
6.84 5.00 4.70 0.16
6.85 3.66 3.82 -1.81
6.86 3.06 3.31 -0.83
6.87 3.96 3.15 -0.76
6.88 3.85 3.33 0.61
6.89 3.26 3.81 -1.01
6.90 3.61 3.71 1.11
6.91 4.33 2.01 -1.56
6.92 3.63 3.23 0.29
6.93 3.44 2.83 -0.79
6.94 4.16 3.19 -0.32
6.95 3.68 3.71 -0.01
6.96 4.64 3.36 1.56
6.97 4.76 3.29 -0.01
6.98 3.53 3.94 -0.13
6.99 4.13 2.90 -0.97
7.00 2.99 3.91 -0.71
7.01 4.76 3.54 0.28
7.02 4.13 3.75 -0.20
7.03 3.68 4.22 0.88
7.04 4.17 3.17 -1.71
7.05 4.36 2.88 -1.39
7.06 3.94 2.89 -0.82
7.07 4.14 4.12 -0.37
7.08 4.19 3.48 -0.20
7.09 4.25 3.45 -0.19
7.10 4.19 3.27 -1.28
7.11 4.52 3.68 -1.41
7.12 3.64 3.84 -0.18
7.13 4.09 3.99 0.22
7.14 3.99 2.95 1.42
7.15 4.03 3.19 -0.45
7.16 4.17 3.51 0.17
7.17 4.19 3.72 -1.04
7.18 4.14 3.80 -1.19
7.19 4.58 3.43 0.64
7.20 4.48 3.93 -1.06
7.21 4.85 2.99 -1.64
7.22 4.02 3.87 1.73
7.23 3.79 3.14 0.34
7.24 5.08 3.04 0.58
7.25 3.95 3.64 0.64
7.26 3.77 3.46 -0.51
7.27 4.48 3.41 -1.20
7.28 3.94 3.21 1.62
7.29 3.81 3.27 0.55
7.30 4.32 3.66 0.19
7.31 4.70 3.32 0.08
7.32 4.26 2.77 0.52
7.33 4.32 3.19 1.10
7.34 4.55 3.53 0.20
7.35 4.11 3.96 0.46
7.36 4.58 3.63 0.33
7.37 4.17 2.95 -0.51
7.38 3.23 3.70 0.08
7.39 4.67 3.51 -0.90
7.40 4.88 4.03 1.31
7.41 4.18 4.21 -1.68
7.42 4.52 3.73 0.37
7.43 4.58 3.55 0.30
7.44 5.17 2.89 -0.79
7.45 4.91 3.65 1.20
7.46 3.92 3.64 -0.48
7.47 4.87 2.69 -1.11
7.48 4.26 3.72 -0.39
7.49 4.84 3.16 0.92
7.50 5.01 4.01 0.46
7.51 4.66 3.98 0.11
7.52 3.79 3.29 0.46
7.53 3.15 3.51 -1.25
7.54 5.40 3.66 -0.37
7.55 3.93 3.10 0.36
7.56 4.49 3.21 2.03
7.57 4.14 3.13 -0.05
7.58 5.08 2.76 0.26
7.59 4.26 2.53 0.64
7.60 5.36 3.56 0.28
7.61 4.69 2.95 1.28
7.62 4.58 3.77 -0.28
7.63 5.17 3.62 0.23
7.64 4.97 3.46 -0.31
7.65 4.98 3.66 -0.30
7.66 4.80 2.47 0.46
7.67 4.65 3.29 0.88
7.68 3.72 3.30 1.97
7.69 4.84 3.55 -1.17
7.70 4.58 3.97 -1.08
7.71 4.79 4.05 0.91
7.72 4.96 3.75 -0.15
7.73 4.27 3.49 0.04
7.74 4.13 2.66 -0.95
7.75 4.85 3.33 0.61
7.76 4.28 2.54 0.61
7.77 4.37 4.10 -0.61
7.78 5.71 3.27 0.01
7.79 4.22 2.85 -2.19
7.80 4.24 3.12 0.66
7.81 5.05 3.59 1.57
7.82 4.65 3.99 0.32
7.83 5.54 3.75 0.22
7.84 4.60 3.72 -1.23
7.85 4.15 3.24 0.67
7.86 3.93 3.73 -0.44
7.87 4.69 3.35 0.47
7.88 4.72 3.17 0.97
7.89 4.33 4.08 0.25
7.90 5.54 3.30 -1.20
7.91 3.84 3.71 -1.71
7.92 4.36 3.44 -0.92
7.93 5.18 3.79 -1.77
7.94 3.59 2.34 0.71
7.95 4.58 3.00 -1.53
7.96 3.89 3.81 1.95
7.97 5.06 3.90 -1.62
7.98 5.29 2.88 -0.91
7.99 4.74 3.04 -0.13
8.00 5.36 3.29 1.25
8.01 4.43 3.54 0.19
8.02 5.24 3.39 -2.17
8.03 3.93 4.78 -1.58
8.04 4.72 3.56 2.66
8.05 5.19 3.91 -0.50
8.06 4.68 3.53 -0.12
8.07 4.09 3.12 -0.76
8.08 5.20 2.79 1.49
8.09 5.25 3.13 -1.01
8.10 5.59 3.91 -0.61
8.11 5.45 4.39 -1.15
8.12 4.51 3.22 -1.17
8.13 5.29 3.65 1.62
8.14 4.25 2.61 1.43
8.15 5.29 4.04 0.29
8.16 4.45 3.46 0.33
8.17 6.04 2.00 0.73
8.18 5.19 4.05 -1.20
8.19 4.68 2.70 -0.81
8.20 4.66 3.67 1.37
8.21 5.02 3.50 1.03
8.22 5.35 3.46 0.09
8.23 4.95 3.69 -1.25
8.24 5.05 2.62 -0.76
8.25 5.62 2.68 1.88
8.26 5.11 3.32 -0.73
8.27 4.30 3.40 1.14
8.28 4.59 4.76 0.85
8.29 4.68 3.83 1.14
8.30 5.43 3.10 0.77
8.31 4.66 2.58 -1.80
8.32 4.79 3.19 0.04
8.33 4.63 3.65 1.04
8.34 4.37 4.17 1.30
8.35 5.22 4.12 0.33
8.36 4.71 3.94 0.63
8.37 4.37 3.49 -0.21
8.38 4.64 3.39 -0.91
8.39 4.11 3.56 1.06
8.40 6.73 3.90 -1.11
8.41 5.30 3.19 -0.61
8.42 5.38 3.68 0.32
8.43 5.59 2.77 0.66
8.44 4.65 3.46 0.57
8.45 5.28 4.11 1.20
8.46 4.10 3.38 -0.83
8.47 5.13 3.80 0.67
8.48 5.68 3.56 -0.02
8.49 5.28 3.27 1.29
8.50 5.65 2.77 -1.16
8.51 4.47 3.63 2.70
8.52 5.20 3.43 -0.18
8.53 4.65 3.38 -2.06
8.54 4.94 3.41 0.41
8.55 5.14 2.25 -0.08
8.56 5.44 2.65 1.61
8.57 5.34 4.01 -0.32
8.58 4.91 2.29 -1.14
8.59 4.36 3.87 0.06
8.60 4.82 3.29 -1.98
8.61 6.47 3.28 0.90
8.62 4.86 2.31 -1.00
8.63 5.43 3.53 0.98
8.64 5.58 2.47 -0.81
8.65 4.62 4.05 0.65
8.66 5.57 3.20 2.03
8.67 5.76 2.92 0.19
8.68 4.94 2.76 0.72
8.69 5.91 2.88 -2.09
8.70 5.52 2.91 -0.49
8.71 5.43 3.30 0.02
8.72 5.07 3.00 -1.56
8.73 5.81 3.10 -0.85
8.74 5.10 3.24 -0.02
8.75 5.05 3.12 0.14
8.76 5.48 3.56 -0.74
8.77 5.28 3.00 1.28
8.78 4.26 2.55 -1.20
8.79 5.08 2.80 0.20
8.80 5.45 3.61 -0.84
8.81 5.63 3.24 -1.74
8.82 6.36 3.73 0.25
8.83 6.09 2.91 0.06
8.84 4.57 2.94 0.25
8.85 5.87 3.39 3.88
8.86 5.66 2.91 -0.71
8.87 4.99 3.33 -2.09
8.88 5.68 3.21 0.54
8.89 5.98 2.53 0.79
8.90 6.36 3.78 2.05
8.91 4.97 2.94 0.02
8.92 4.69 3.88 0.20
8.93 6.08 2.46 -1.29
8.94 5.02 3.92 -2.60
8.95 4.77 2.84 -0.82
8.96 5.24 2.74 -0.49
8.97 5.94 2.25 1.08
8.98 5.17 1.92 -0.61
8.99 5.52 3.34 -0.75
9.00 4.91 3.24 0.16
9.01 5.99 2.77 -0.54
9.02 5.58 3.24 0.49
9.03 5.88 3.19 0.24
9.04 5.95 3.53 0.08
9.05 5.76 2.89 0.27
9.06 6.07 3.05 -0.10
9.07 6.27 3.47 1.03
9.08 6.04 2.39 -0.31
9.09 6.12 3.32 0.88
9.10 5.91 3.53 -1.58
9.11 6.62 3.42 -0.79
9.12 5.72 3.31 -0.09
9.13 5.85 2.60 -1.06
9.14 5.83 3.23 0.21
9.15 6.40 3.09 -1.83
9.16 5.92 3.35 0.20
9.17 6.29 3.38 -0.24
9.18 5.42 2.72 0.76
9.19 6.21 3.19 1.41
9.20 5.62 3.68 0.22
9.21 6.18 3.34 1.53
9.22 5.90 2.96 -1.26
9.23 5.69 2.74 0.62
9.24 5.35 4.63 -0.31
9.25 6.17 2.40 -1.51
9.26 7.01 2.51 -0.73
9.27 6.39 3.35 0.71
9.28 5.55 4.12 -0.54
9.29 6.60 3.35 0.57
9.30 6.52 3.65 -0.49
9.31 6.34 2.83 0.14
9.32 5.92 3.77 -1.47
9.33 5.88 3.15 -0.20
9.34 6.48 2.79 1.78
9.35 5.60 3.16 -0.53
9.36 6.35 3.35 0.97
9.37 5.64 2.62 -0.99
9.38 6.80 1.71 -1.26
9.39 6.59 3.93 -0.59
9.40 6.14 4.02 -1.65
9.41 6.20 3.29 -0.39
9.42 5.63 2.03 1.29
9.43 5.68 3.24 -0.06
9.44 5.87 2.99 -0.82
9.45 6.82 3.71 -1.18
9.46 5.88 2.77 -1.16
9.47 5.08 3.63 -1.15
9.48 7.13 3.03 -1.49
9.49 5.95 2.86 1.75
9.50 6.65 3.82 -0.36
9.51 5.64 3.24 0.12
9.52 6.39 2.02 0.12
9.53 6.58 2.77 1.08
9.54 5.99 3.22 0.01
9.55 6.58 3.50 0.07
9.56 6.66 2.80 0.55
9.57 6.61 3.82 0.37
9.58 5.91 2.78 -1.31
9.59 6.10 3.63 -0.21
9.60 5.78 3.98 -0.51
9.61 6.26 3.06 0.24
9.62 5.74 2.86 -0.41
9.63 5.76 3.02 1.03
9.64 7.57 4.00 -1.02
9.65 6.09 3.68 -0.06
9.66 6.02 3.79 0.80
9.67 6.18 3.03 0.21
9.68 5.51 3.25 0.15
9.69 5.30 2.95 -1.09
9.70 6.41 2.85 0.67
9.71 6.36 3.64 -0.26
9.72 6.66 3.72 1.28
9.73 6.97 3.13 -0.52
9.74 6.83 4.31 2.44
9.75 5.88 2.38 -0.33
9.76 6.92 3.04 0.42
9.77 6.24 3.75 0.10
9.78 6.38 3.40 0.88
9.79 6.15 3.27 -1.59
9.80 5.81 3.15 0.13
9.81 6.33 3.12 -1.86
9.82 6.33 2.10 -0.68
9.83 6.08 3.30 0.02
9.84 6.13 3.80 1.03
9.85 5.94 3.21 0.35
9.86 7.12 3.15 1.42
9.87 7.46 3.59 -0.53
9.88 5.39 3.30 -1.07
9.89 7.54 3.12 -0.72
9.90 6.44 3.25 -1.20
9.91 6.75 3.47 1.73
9.92 6.24 1.93 -2.53
9.93 7.17 3.44 0.02
9.94 6.29 3.79 0.38
9.95 6.83 3.13 -0.13
9.96 5.45 1.83 0.37
9.97 5.93 1.99 0.95
9.98 5.80 3.57 -0.51
9.99 5.96 3.10 -1.72
10.00 6.19 2.51 1.92
